
Resp charges for organic molecule                                               

iqopt   irstrnt  ihfree     qwt
  2      1      1        0.001000

 rel.rms   dipole mom       Qxx      Qyy      Qzz
    0.02819  18.86312-203.65842  63.36591 140.29251

          Point charges before & after optimization
    NO   At.No.    q0           q(opt)   IVARY  d(rstr)/dq 
     1     6  -0.310563      -0.310563  -99    0.003065
     2     6  -0.181497      -0.181497  -99    0.004826
     3     6  -0.313116      -0.313116  -99    0.003042
     4     6   0.327030       0.327030  -99    0.002924
     5     6   0.230119       0.230119  -99    0.003986
     6     6  -0.058224      -0.058224  -99    0.008642
     7     6   0.248166       0.248166  -99    0.003738
     8     6  -0.468242      -0.536468    0    0.001832
     9     6  -0.071992      -0.071992  -99    0.008116
    10     6   0.658482       0.658482  -99    0.001501
    11     6   0.829725       0.829725  -99    0.001197
    12     6   0.004423       0.024499    0    0.009713
    13     6  -0.046668      -0.078453    0    0.007868
    14     6  -0.051872      -0.052107    0    0.008868
    15     7  -0.390331      -0.390331  -99    0.002482
    16     7  -0.437167      -0.437167  -99    0.002230
    17     8  -0.677450      -0.677450  -99    0.001460
    18     8  -0.790566      -0.790566  -99    0.001255
    19     8  -0.790566      -0.790566  -99    0.001255
    20    16  -0.084553      -0.084553  -99    0.007636
    21    16  -0.210306      -0.210306  -99    0.004294
    22     1   0.248454       0.248454  -99    0.000000
    23     1  -0.002057      -0.000909    0    0.000000
    24     1  -0.004701      -0.000909   23    0.000000
    25     1   0.010866       0.019202    0    0.000000
    26     1   0.004458       0.019202   25    0.000000
    27     1   0.130857       0.079754    0    0.000000
    28     1   0.041273       0.079754   27    0.000000
    29     1   0.141057       0.141057  -99    0.000000
    30     1   0.182781       0.212348    0    0.000000
    31     1   0.177140       0.212348   30    0.000000
    32     1   0.295798       0.295798  -99    0.000000
    33     1   0.192110       0.192110  -99    0.000000
    34     1   0.167131       0.167131  -99    0.000000

        Statistics of the fitting:
  The initial sum of squares (ssvpot)                     97.875
  The residual sum of squares (chipot)                     0.078
  The std err of estimate (sqrt(chipot/N))               0.00273
  ESP relative RMS (SQRT(chipot/ssvpot))                 0.02819

 Dipole Moment (Debye)=  18.86312
