	1-4_eel	1-4_vdw	angle	bond	dihed	ecavity	edisper	eel	epb	vdwaals	egb	esurf	pb_tot	gb_tot
0	5.00000214742613e-06	3.197442310920451e-14	1.0000000017384991e-05	7.500000094751158e-06	1.2500000444504167e-05	-5.921247499999989	0.0	-403.70442000000264	397.4904150000001	-55.99261249999954	375.1719125000003	0.0	-68.12782999999911	-84.52508499999988
1	-4.999998282073648e-06	1.5000000534115543e-05	-9.999998901832896e-06	1.5631940186722204e-13	1.7500000708992047e-05	-5.956325000000033	0.0	-409.7353599999981	404.2887500000005	-56.95984000000086	381.0516100000008	0.0	-68.36275749999896	-85.64357249999784
2	4.999997827326297e-06	9.999999971199713e-06	-7.499999483684405e-06	-5.000000024679707e-06	-9.999999910803581e-06	-5.912247499999985	0.0	-387.08522000000397	383.37933000000027	-57.3560225000002	364.4006225000002	0.0	-66.97416750000116	-80.04062749999991
3	2.500003120076144e-06	-2.4999994217012045e-06	-2.0000000461095624e-05	2.499999791183427e-06	2.4999994110430634e-06	-5.8801250000000085	0.0	-421.4933775000016	412.87584749999877	-58.23531499999953	395.68510499999974	0.0	-72.73298499999902	-84.04360250000133
4	1.0000000429499778e-05	1.2500000512005727e-05	-9.99999993922529e-06	1.7499999682257794e-05	-1.500000019305503e-05	-5.87475999999997	0.0	-419.13636249999297	413.17364000000066	-55.67494499999957	394.7753874999997	0.0	-67.51241249999936	-80.03590500000189
5	2.4999981178552844e-06	-7.5000004216008165e-06	-9.999999448950803e-06	-1.9999999565811777e-05	-5.186961971048731e-13	-5.779174999999987	0.0	-414.50072000000716	417.54402499999867	-58.76922499999999	391.65656249999955	0.0	-61.50513000000376	-81.61341750000082
6	-2.4999947072501527e-06	4.999999823951384e-06	2.499999162353106e-06	-7.499999778559641e-06	2.4999987715546013e-06	-5.915392499999986	0.0	-395.89156000000446	391.60110749999933	-56.18212250000099	368.5769175000005	0.0	-66.38796749999909	-83.4967650000005
7	-2.5011104298755527e-12	2.5000005194897312e-06	-4.547473508864641e-13	-2.4999997201291535e-06	2.4999987893181697e-06	-5.92088250000001	0.0	-427.6462074999965	410.5810950000007	-52.9338374999996	397.04728000000017	0.0	-75.9198300000013	-83.53276250000005
8	-7.500000151594577e-06	2.4868995751603507e-13	4.999998282073648e-06	1.0000000155940825e-05	1.0000000216336957e-05	-5.8648350000000224	0.0	-421.64720500000647	413.5423425000002	-55.43549750000035	393.2992750000003	0.0	-69.40517749999805	-83.78340999999801
9	-2.5000026653287932e-06	1.9999999739894747e-05	-5.000000037114205e-06	-5.000000200539034e-06	-7.499999629345666e-06	-5.75377250000001	0.0	-402.1413250000031	392.92731500000184	-58.776305000000335	373.1751249999997	0.0	-73.74408750000094	-87.74250500000278
10	2.500005166439223e-06	-2.500000100269517e-06	-1.4999998505516032e-05	1.249999985830641e-05	6.039613253960852e-14	-5.897147500000031	0.0	-428.45325749999284	419.63580749999824	-56.542260000000226	400.0269274999993	0.0	-71.25685999999934	-84.96859250000057
11	1.7499997966297087e-05	-4.99999926972805e-06	-4.9999996889482645e-06	2.500000112704015e-06	-2.5000021750543056e-06	-5.975370000000006	0.0	-402.9652249999947	397.49282249999914	-56.116427499999816	376.8967700000003	0.0	-67.56419250000039	-82.18487500000157
12	2.5000028927024687e-06	-5.577760475716786e-13	9.999999974752427e-06	2.499999350646931e-06	-2.500000210403641e-06	-5.869552499999959	0.0	-407.86896749999784	396.9887624999985	-56.95715500000019	374.98587999999995	0.0	-73.70689999999985	-89.8402299999986
13	5.000002374799806e-06	4.999999930532795e-06	7.499999320259576e-06	-4.1744385725905886e-13	-1.2500000696746838e-05	-5.959842500000014	0.0	-408.7762199999988	395.2137799999997	-55.023827499999726	381.9545899999993	0.0	-74.54610500000024	-81.84545250000042
14	-1.2499998774728738e-05	9.999999981857854e-06	4.999999283938905e-06	-1.4999999814691023e-05	9.698908343125368e-13	-5.827654999999984	0.0	-435.77014000000656	419.7759475000009	-54.06270499999943	400.23722000000106	0.0	-75.88456499999972	-89.5956374999979
15	-4.9999996463157e-06	4.9999999767180725e-06	-7.500000350546543e-06	2.5000000078989615e-06	1.2500000430293312e-05	-5.903369999999975	0.0	-377.65011749999417	378.43042249999996	-53.786335000000726	363.2450524999982	0.0	-58.90939249999826	-68.19139250000086
16	-1.2499997410486685e-05	2.4999994465702002e-06	-9.999998994203452e-06	2.500000443106387e-06	-2.500000000793534e-06	-5.847104999999985	0.0	-411.8716749999964	412.200975	-59.27311250000041	387.63543749999945	0.0	-64.79093750000129	-83.50936999999897
17	5.000001465305104e-06	-1.7500000204506705e-05	-4.9999998665839485e-06	1.3322676295501878e-13	5.009326287108706e-13	-5.834769999999993	0.0	-425.8822599999986	413.7518424999997	-55.59702250000014	393.95958749999915	0.0	-73.56222749999858	-87.51971250000287
18	4.999998509447323e-06	-2.4999998444741323e-06	5.000001124244591e-06	-7.499999961524395e-06	9.999999470267085e-06	-5.922942499999994	0.0	-414.1221125000029	405.4994799999998	-56.989182499999515	384.87967999999904	0.0	-71.53474749999924	-86.23160499999904
19	-1.0000004522225936e-05	5.000000392385573e-06	9.999999782905888e-06	2.5579538487363607e-13	-2.499999869343128e-06	-5.770932499999985	0.0	-415.7739499999999	407.87813749999987	-54.26018749999999	386.02712749999836	0.0	-67.92692999999974	-84.00700750000038
20	2.500001187399903e-06	-1.6697754290362354e-13	-5.00000005132506e-06	-1.0000000234100526e-05	4.999999863031235e-06	-5.830197499999967	0.0	-423.3577599999893	417.4621349999986	-56.96741750000068	393.9901724999997	0.0	-68.69324749999805	-86.33501249999756
21	7.500000265281415e-06	-1.75000005668835e-05	-5.000000783184078e-06	7.499999819415848e-06	6.785683126508957e-13	-5.908190000000015	0.0	-415.5066274999955	405.3390374999991	-56.69141499999991	385.6036500000003	0.0	-72.76720249999619	-86.59440000000029
22	-1.0000003385357559e-05	-7.499999675530944e-06	-4.9999999873762135e-06	5.000000490085199e-06	2.4999997449981493e-06	-5.9000499999999905	0.0	-426.6304424999873	417.6562575000008	-56.53773499999935	398.65050250000087	0.0	-71.41198499999797	-84.5176900000007
23	-1.0000000429499778e-05	2.4999997414454356e-06	-5.000001081612027e-06	-7.500000162252718e-06	2.5000004519881713e-06	-6.053267499999999	0.0	-353.44420500000444	355.50066999999945	-56.328284999999966	330.8660974999999	0.0	-60.325105000000406	-78.9064099999992
24	-9.999997246268322e-06	-1.2499999783699423e-05	-2.499999283145371e-06	4.9999999873762135e-06	7.499998250892759e-06	-5.892397500000023	0.0	-414.16355999999473	404.89000499999895	-54.35102249999899	382.92275499999994	0.0	-69.51698749999957	-85.59183999999573
