Run semi-empirical minimization
 &qmmm
    qm_theory='AM1', grms_tol=0.0005,
  scfconv=1.d-10,   qmcharge=-2,
 /
   6    C1        1.4380        1.4920        9.2700 
   8    O2        2.1620        0.3190        9.6210 
   6    C3        2.9010       -0.2910        8.6430 
   6    C4        2.3880       -0.7650        7.4450 
   6    C5        3.2300       -1.3910        6.5140 
   6    C6        4.5880       -1.5310        6.7780 
   6    C7        5.0870       -1.0700        7.9890 
   6    C8        4.2730       -0.4460        8.9120 
   6    C9        5.5070       -2.2320        5.8340 
   6   C10        5.8780       -3.6500        6.2990 
   6   C11        4.6670       -4.5500        6.2800 
   8   O12        3.8310       -4.4610        5.4280 
   8   O13        4.6270       -5.4420        7.2520 
   6   C14        6.9540       -4.2510        5.4360 
   8   O15        6.7070       -5.1790        4.6780 
   8   O16        8.1530       -3.6590        5.5540 
   1    H1        6.2530       -3.5860        7.3310 
   1    H2        6.4310       -1.6420        5.7390 
   1    H3        5.0150       -2.3030        4.8530 
   1    H4        6.1390       -1.2030        8.2140 
   1    H5        2.8210       -1.7670        5.5830 
   1    H6        1.3330       -0.6500        7.2270 
   1    H7        2.1370        2.2630        8.9150 
   1    H8        0.7190        1.2540        8.4720 
   1    H9        0.8960        1.8660       10.1510 
   1   H10        4.6890       -0.0750        9.8410 

