Resp charges for organic molecule

 &cntrl

 nmol = 1,
 ihfree = 1,
 ioutopt = 1,
 iqopt = 2,
 qwt =  0.00100,

 &end
    1.0
Resp charges for organic molecule
   -2   57
    6  -99
    6  -99
    6  -99
    6  -99
    6  -99
    6  -99
    6  -99
    6  -99
    6  -99
    6  -99
    6  -99
    6  -99
    6  -99
    6  -99
    6  -99
    6  -99
    6  -99
    6    0
    6    0
    6  -99
    6    0
    6    0
    6    0
    8  -99
    7  -99
    7  -99
    7  -99
    7  -99
    8  -99
    8  -99
    8  -99
    8  -99
    8  -99
    8  -99
   16  -99
    1  -99
    1  -99
    1  -99
    1    0
    1   39
    1    0
    1   41
    1    0
    1   43
    1  -99
    1    0
    1   46
    1    0
    1   48
    1   48
    1  -99
    1  -99
    1  -99
    1  -99
    1  -99
    1  -99
    1  -99

