
Resp charges for organic molecule                                               

iqopt   irstrnt  ihfree     qwt
  2      1      1        0.001000

 rel.rms   dipole mom       Qxx      Qyy      Qzz
    0.01272  68.47094********** 605.53630 600.33248

          Point charges before & after optimization
    NO   At.No.    q0           q(opt)   IVARY  d(rstr)/dq 
     1     6  -0.184203      -0.184203  -99    0.004771
     2     6  -0.184203      -0.184203  -99    0.004771
     3     6  -0.367228      -0.367228  -99    0.002627
     4     6  -0.367228      -0.367228  -99    0.002627
     5     6  -0.311718      -0.311718  -99    0.003055
     6     6  -0.195880      -0.195880  -99    0.004547
     7     6  -0.254697      -0.254697  -99    0.003655
     8     6  -0.098444      -0.098444  -99    0.007126
     9     6   0.685501       0.685501  -99    0.001444
    10     6   0.471093       0.471093  -99    0.002076
    11     6   0.221959       0.221959  -99    0.004108
    12     6  -0.117879      -0.117879  -99    0.006469
    13     6   0.448256       0.448256  -99    0.002177
    14     6   0.755323       0.755323  -99    0.001312
    15     6   0.829547       0.829547  -99    0.001197
    16     6   0.829547       0.829547  -99    0.001197
    17     6   0.979339       0.979339  -99    0.001016
    18     6  -0.229970      -0.225153    0    0.004059
    19     6  -0.009969      -0.006806    0    0.009977
    20     6   0.252500       0.252500  -99    0.003682
    21     6  -0.200969      -0.152754    0    0.005477
    22     6   0.251965       0.259192    0    0.003600
    23     6   0.193430       0.196521    0    0.004535
    24     8  -0.835206      -0.835206  -99    0.001189
    25     7  -0.622548      -0.622548  -99    0.001586
    26     7  -0.606187      -0.606187  -99    0.001628
    27     7  -0.776878      -0.776878  -99    0.001277
    28     7  -0.755311      -0.755311  -99    0.001313
    29     8  -0.651201      -0.651201  -99    0.001518
    30     8  -0.835206      -0.835206  -99    0.001189
    31     8  -0.835206      -0.835206  -99    0.001189
    32     8  -0.629180      -0.629180  -99    0.001570
    33     8  -0.835206      -0.835206  -99    0.001189
    34     8  -0.560738      -0.560738  -99    0.001756
    35    16  -0.181120      -0.181120  -99    0.004833
    36     1   0.351153       0.351153  -99    0.000000
    37     1   0.336291       0.336291  -99    0.000000
    38     1   0.334661       0.334661  -99    0.000000
    39     1   0.016130       0.025285    0    0.000000
    40     1   0.046525       0.025285   39    0.000000
    41     1   0.013826       0.007664    0    0.000000
    42     1   0.006121       0.007664   41    0.000000
    43     1   0.073913       0.040795    0    0.000000
    44     1   0.048209       0.040795   43    0.000000
    45     1  -0.084148      -0.084148  -99    0.000000
    46     1   0.003500       0.016820    0    0.000000
    47     1   0.034985       0.016820   46    0.000000
    48     1   0.085568       0.081219    0    0.000000
    49     1   0.074605       0.081219   48    0.000000
    50     1   0.087921       0.081219   48    0.000000
    51     1   0.292723       0.292723  -99    0.000000
    52     1   0.172240       0.172240  -99    0.000000
    53     1   0.204792       0.204792  -99    0.000000
    54     1   0.172767       0.172767  -99    0.000000
    55     1   0.172767       0.172767  -99    0.000000
    56     1   0.141684       0.141684  -99    0.000000
    57     1   0.141684       0.141684  -99    0.000000

        Statistics of the fitting:
  The initial sum of squares (ssvpot)                    423.287
  The residual sum of squares (chipot)                     0.068
  The std err of estimate (sqrt(chipot/N))               0.00210
  ESP relative RMS (SQRT(chipot/ssvpot))                 0.01272

 Dipole Moment (Debye)=  68.47094
