	1-4_eel	1-4_vdw	angle	bond	dihed	ecavity	edisper	eel	epb	vdwaals	egb	esurf	pb_tot	gb_tot
0	-7.499997764170985e-06	2.5000001535602223e-06	7.500000336335688e-06	1.2499999774817638e-05	-7.499998794457952e-06	-6.296055000000012	0.0	-402.8465649999975	400.7457424999991	-61.574805000001135	380.14488249999977	0.0	-69.97167500000273	-84.27647999999897
1	-2.4999923766699794e-06	-4.999999969612645e-06	2.4999990699825503e-06	-2.4999999190811195e-06	4.999998690635721e-06	-6.243665000000005	0.0	-410.66916999999705	391.3867000000003	-57.83555250000026	382.70826250000033	0.0	-83.36168999999694	-85.79646250000087
2	7.500005040128599e-06	4.99999991632194e-06	2.499999325777935e-06	7.499999904680976e-06	7.500000634763637e-06	-6.20672749999996	0.0	-416.9749224999968	414.20648000000017	-58.72432250000011	394.11410499999954	0.0	-67.699462500001	-81.58510999999856
3	2.500000277905201e-06	7.499999465920837e-06	-1.5631940186722204e-13	8.526512829121202e-14	-1.0000000507659479e-05	-6.230830000000004	0.0	-409.65719500000057	403.6690874999994	-60.22974499999951	384.55690749999957	0.0	-72.44868250000036	-85.33003250000195
4	9.99999781470251e-06	2.499999901317551e-06	5.0000005415995474e-06	-2.4999999936881068e-06	4.99999892156211e-06	-6.301205000000029	0.0	-403.64203500000554	399.7389500000009	-59.68920000000042	381.7446900000001	0.0	-69.89346999999896	-81.58652500000045
5	2.5000001642183634e-06	-5.000000150801043e-06	-2.5000002423780643e-06	-2.4999999510555426e-06	-7.500000602789214e-06	-6.222809999999989	0.0	-411.9895275000057	405.1580649999996	-59.877959999998964	387.26983499999983	0.0	-72.93224750000013	-84.59766749999955
6	-1.750000330957846e-05	2.0000000045428123e-05	5.000000996346898e-06	2.7355895326763857e-13	1.0000001147147941e-05	-6.202422499999988	0.0	-419.8941324999956	410.2924674999993	-59.202997500000365	392.30556250000024	0.0	-75.00706749999733	-86.79155000000026
7	-7.499999810534064e-06	-9.999999956988859e-06	-8.100187187665142e-13	9.999999942778004e-06	1.0000000390419927e-05	-6.268977499999998	0.0	-405.7237725000055	400.44875749999994	-58.22598499999962	380.9599174999999	0.0	-69.7699749999988	-82.98983750000036
8	2.499995730431692e-06	-2.499999535388042e-06	-4.999998523658178e-06	5.000000328436727e-06	7.4999992492053025e-06	-6.199375000000016	0.0	-414.848692499998	408.9635875000017	-60.24019249999989	389.66105249999936	0.0	-72.32466499999941	-85.4278249999993
9	-1.4999999052633939e-05	-2.4999995851260337e-06	2.500000988447937e-06	-9.99999979356403e-06	-2.913225216616411e-13	-6.2069399999999995	0.0	-427.08253499999904	415.46491999999887	-59.67601999999982	400.7314725000011	0.0	-77.5006000000011	-86.02710749999949
10	-4.999997372578946e-06	-7.500000581472932e-06	-4.999999418942025e-06	2.4999998853303396e-06	-9.592326932761353e-14	-6.01196749999998	0.0	-403.9046299999929	396.68148749999943	-55.263932500000585	376.73765750000035	0.0	-68.49905750000079	-82.43092000000081
11	1.0000003157983883e-05	-9.999999843302021e-06	7.499999441051841e-06	1.0000000466803272e-05	1.0160761121369433e-12	-6.255952499999975	0.0	-400.10441499999206	397.0466650000007	-59.562272500000134	377.9548524999999	0.0	-68.87595750000162	-81.71181750000096
12	-2.500001073713065e-06	2.499999936844688e-06	-2.499999759209004e-06	-8.881784197001252e-15	1.2499999705539722e-05	-6.193812499999984	0.0	-425.7383900000036	413.2230525000015	-59.358905000000355	395.7023449999998	0.0	-78.06804499999919	-89.39493999999706
13	-1.0000004976973287e-05	-2.4999997982888544e-06	5.000000257382453e-06	-7.500000261728701e-06	-2.499998565497208e-06	-6.211754999999983	0.0	-432.3698425000006	426.4781125000013	-59.07207500000016	407.5505649999998	0.0	-71.17557750000014	-83.89137000000244
14	-2.5000037453537516e-06	-7.499999309601435e-06	-1.2499999982651389e-05	8.171241461241152e-14	2.50000108792392e-06	-6.132007499999988	0.0	-396.408002499999	388.69245250000006	-55.87311250000097	374.77009500000105	0.0	-69.72068999999743	-77.51104000000043
15	-4.999995780963218e-06	2.500000366723043e-06	7.499999284732439e-06	-1.4999999908837935e-05	7.50000031857212e-06	-6.257445000000027	0.0	-406.10565500000973	401.08024500000005	-60.008864999999524	380.01318499999985	0.0	-71.29172250000022	-86.10133749999858
16	-2.4999997094710125e-06	4.999999649868414e-06	-7.500000052118594e-06	-2.5000005052788765e-06	2.499998089433575e-06	-6.212022499999992	0.0	-384.1880524999971	381.8689649999998	-60.64358499999933	363.21479999999906	0.0	-69.17470000000293	-81.61684250000292
17	-2.5000016421472537e-06	2.4999999865826794e-06	3.552713678800501e-14	-7.499999858495698e-06	-1.6697754290362354e-12	-6.241394999999996	0.0	-407.84209999999644	406.8301924999989	-60.69983749999934	389.6911474999986	0.0	-67.95314750000153	-78.85079750000381
18	-7.499996286242094e-06	7.500000158700004e-06	6.679101716144942e-13	7.50000007698759e-06	-4.99999912406679e-06	-6.185315000000008	0.0	-410.94152249999877	406.24330500000065	-57.75419250000002	388.60568749999885	0.0	-68.63772249999602	-80.09002500000003
19	-2.4999956167448545e-06	-4.9999997884242475e-06	-1.000000020923153e-05	-5.000000379951075e-06	-9.999999068810439e-06	-6.281012499999987	0.0	-405.9305449999996	398.29630500000144	-58.83808500000001	380.1207275000002	0.0	-72.75336999999934	-84.6479350000024
20	-2.4999995957841747e-06	-7.499999931326329e-06	-1.4999999791598384e-05	-1.7499999525938392e-05	4.9999995894722815e-06	-6.163515000000012	0.0	-403.20814750000784	396.3593749999991	-57.4372350000002	377.6073949999994	0.0	-70.4495600000032	-83.03802499999858
21	5.000000101063051e-06	2.5000003205377652e-06	-1.2500000522663868e-05	-5.000000104615765e-06	2.500001894389925e-06	-6.148455000000001	0.0	-423.1634400000015	415.28242249999937	-57.229742500000064	396.449767499999	0.0	-71.25922249999866	-83.94342250000017
22	-9.094947017729282e-13	5.000000079746769e-06	-9.99999966921905e-06	1.0000000026266775e-05	1.9999998801978336e-05	-6.123567500000014	0.0	-428.9635700000023	416.45036749999946	-59.12848499999873	400.82135499999856	0.0	-77.76523000000168	-87.27067499999913
23	-9.999999520005076e-06	-9.999999878829158e-06	-2.5000002281672096e-06	-2.50000030099784e-06	7.500000190674427e-06	-6.246517499999996	0.0	-416.62336499999185	409.3855675000002	-60.19761999999942	389.9061275000014	0.0	-73.68195249999843	-86.91487499999982
24	-1.5000002576925908e-05	7.50000011606744e-06	2.5000004697517397e-06	-7.500000359428327e-06	-2.5000025942745197e-06	-6.23049	0.0	-412.92221999999515	405.96937000000037	-58.670324999998826	389.4696075000003	0.0	-71.85367999999733	-82.12295250000085
