Run semi-empirical minimization
 &qmmm
    qm_theory='AM1', grms_tol=0.0005,
  scfconv=1.d-10,   qmcharge=0,
 /
   6    C1       -4.5180        9.2370       12.8850 
   6    C2       -3.1590        8.9700       12.7940 
   6    C3       -3.2790        7.5950       14.7860 
   6    C4       -5.2730        8.6870       13.9220 
   6    C5       -2.5290        8.1570       13.7360 
   6    C6       -4.6340        7.8670       14.8550 
   6    C7       -7.0150        8.2270       15.1760 
   6    C8       -9.4820        8.3890       19.8760 
   6    C9       -8.7980        8.6420       18.5190 
   6   C10       -0.4900        6.7950       14.0320 
   6   C11        1.8930        3.5410       13.4330 
   6   C12       -8.6490        7.5700       17.4230 
   6   C13        0.9470        6.7240       13.5450 
   6   C14        1.8280        5.8230       14.3810 
   7   N15       -6.6370        8.8700       14.1300 
   7   N16        1.3150        2.3250       13.4190 
   7   N17       -1.1480        7.9000       13.6180 
   7   N18        1.3930        4.4220       14.3070 
   8   O19       -1.0090        5.9080       14.7350 
  16   S20       -5.7860        7.3200       16.0320 
  16   S21       -8.7070        8.2240       15.7290 
   8   O22        2.8310        3.8400       12.6680 
   1    H1        0.6870        4.1110       14.9430 
   1    H2       -0.5900        8.6010       13.1730 
   1    H3        0.5570        2.1240       14.0400 
   1    H4        1.6450        1.6230       12.7870 
   1    H5       -7.7760        8.9730       18.7560 
   1    H6       -9.3530        9.4700       18.0540 
   1    H7        2.8630        5.8950       14.0150 
   1    H8        1.7850        6.1540       15.4290 
   1    H9        0.9460        6.3470       12.5110 
   1   H10        1.3710        7.7390       13.5640 
   1   H11       -9.4650        6.8420       17.5400 
   1   H12       -7.6830        7.0640       17.5650 
   1   H13      -10.5260        8.0870       19.7100 
   1   H14       -8.9490        7.5900       20.4110 
   1   H15       -9.4580        9.3110       20.4760 
   1   H16       -2.8040        6.9610       15.5260 
   1   H17       -2.5810        9.3970       11.9820 
   1   H18       -4.9940        9.8750       12.1490 

