
Resp charges for organic molecule                                               

iqopt   irstrnt  ihfree     qwt
  2      1      1        0.001000

 rel.rms   dipole mom       Qxx      Qyy      Qzz
    0.10924   3.20267  47.29984 -23.01365 -24.28619

          Point charges before & after optimization
    NO   At.No.    q0           q(opt)   IVARY  d(rstr)/dq 
     1     6  -0.434355      -0.426078    0    0.002285
     2     6   0.851524       0.851524  -99    0.001166
     3     8  -0.648947      -0.648947  -99    0.001523
     4     7  -0.647900      -0.647900  -99    0.001525
     5     6   0.273806       0.273806  -99    0.003431
     6     6  -0.290121      -0.290121  -99    0.003259
     7     6  -0.258206      -0.258206  -99    0.003611
     8     6   0.456269       0.456269  -99    0.002141
     9     6  -0.093853      -0.093853  -99    0.007292
    10     6  -0.296924      -0.296924  -99    0.003192
    11    16  -0.147647      -0.147647  -99    0.005608
    12     6   0.441960       0.441960  -99    0.002207
    13     7  -0.628248      -0.628248  -99    0.001572
    14     6  -0.232946      -0.238961    0    0.003860
    15     1   0.089305       0.091794    0    0.000000
    16     1   0.089297       0.091794   15    0.000000
    17     1   0.316597       0.316597  -99    0.000000
    18     1   0.187129       0.187129  -99    0.000000
    19     1   0.179062       0.179062  -99    0.000000
    20     1   0.343887       0.343887  -99    0.000000
    21     1   0.113214       0.117089    0    0.000000
    22     1   0.108437       0.117089   21    0.000000
    23     1   0.137388       0.117089   21    0.000000
    24     1   0.091270       0.091794   15    0.000000

        Statistics of the fitting:
  The initial sum of squares (ssvpot)                      2.194
  The residual sum of squares (chipot)                     0.026
  The std err of estimate (sqrt(chipot/N))               0.00187
  ESP relative RMS (SQRT(chipot/ssvpot))                 0.10924

 Dipole Moment (Debye)=   3.20267
