Run semi-empirical minimization
 &qmmm
    qm_theory='AM1', grms_tol=0.0005,
  scfconv=1.d-10,   qmcharge=-1,
 /
   6    C1       -4.5180        9.2370       12.8850 
   6    C2       -3.1590        8.9700       12.7940 
   6    C3       -3.2790        7.5950       14.7860 
   6    C4       -5.2730        8.6870       13.9220 
   6    C5       -2.5290        8.1570       13.7360 
   6    C6       -4.6340        7.8670       14.8550 
   6    C7       -7.0150        8.2270       15.1760 
   6    C8       -9.3590        8.4080       19.6130 
   6    C9       -8.7950        8.6170       18.4930 
   6   C10       -0.4520        6.7960       14.0110 
   6   C11        3.0600        5.4860       13.8710 
   6   C12       -8.6490        7.5700       17.4230 
   6   C13        1.0160        6.9940       14.2140 
   6   C14        1.8440        6.1220       13.2680 
   7   N15       -6.6370        8.8700       14.1300 
   7   N16       -1.1270        7.9110       13.6020 
   8   O17       -1.0060        5.6980       14.2040 
   8   O18        3.5410        5.8190       14.9510 
   8   O19        3.5740        4.5480       13.1190 
  16   S20       -5.7860        7.3200       16.0320 
  16   S21       -8.7070        8.2240       15.7290 
   1    H1       -0.5850        8.6290       13.1650 
   1    H2        1.1940        5.3180       12.8920 
   1    H3        2.1730        6.7510       12.4280 
   1    H4        1.2620        8.0500       14.0310 
   1    H5        1.2700        6.7330       15.2520 
   1    H6       -9.4650        6.8420       17.5400 
   1    H7       -7.6830        7.0640       17.5650 
   1    H8       -8.3940        9.6100       18.2970 
   1    H9       -9.7700        7.4260       19.8410 
   1   H10       -9.4310        9.2120       20.3440 
   1   H11       -2.8040        6.9610       15.5260 
   1   H12       -2.5810        9.3970       11.9820 
   1   H13       -4.9940        9.8750       12.1490 

