Run semi-empirical minimization
 &qmmm
  scfconv=1.d-9  qmcharge=-2,
 /
   6    C1        2.2840       -0.3920        7.8960 
   6    C2        4.1120       -0.2720        9.4040 
   6    C3        3.0590       -1.1220        7.0150 
   6    C4        4.8900       -0.9950        8.5200 
   6    C5       -4.5260        9.3590       12.9870 
   6    C6       -3.1690        9.1620       12.8100 
   6    C7       -3.0920        7.7150       14.7320 
   6    C8        2.7980        0.0430        9.1040 
   6    C9        4.3720       -1.4380        7.3160 
   6   C10       -5.1860        8.7260       14.0380 
   6   C11       -2.4500        8.3480       13.6750 
   6   C12       -4.4520        7.9100       14.8950 
   6   C13       -6.8360        8.1000       15.3960 
   6   C14       -0.3650        7.0250       13.7200 
   6   C15        2.1900        4.1060       12.1580 
   6   C16        4.7910       -4.4380        7.5070 
   6   C17        6.7610       -4.2110        6.0200 
   6   C18       -8.8590        8.0950       20.2900 
   6   C19        1.9460        0.8280       10.0780 
   6   C20        5.2180       -2.2320        6.3560 
   6   C21        1.0940        7.0790       13.3240 
   6   C22        1.7280        2.7400       11.7230 
   6   C23        2.4690        2.1830       10.5170 
   6   C24        1.8870        5.9010       13.8410 
   6   C25        5.8430       -3.4900        6.9870 
   7   N26       -6.5450        8.8170       14.3370 
   7   N27       -1.0590        8.1590       13.4940 
   7   N28        1.5170        4.6510       13.1790 
   8   O29       -0.8800        6.0030       14.1670 
   8   O30        3.1200        4.6670       11.5840 
   8   O31        4.8610       -4.9000        8.6320 
   8   O32        7.8870       -3.7960        5.8090 
   8   O33        3.8390       -4.6930        6.6660 
   8   O34        6.2620       -5.2790        5.4650 
  16   S35       -5.5020        7.2650       16.1220 
   6   C36       -8.3240        8.3980       18.8790 
   6   C37       -8.2210        7.3460       17.7590 
  16   S38       -8.4760        8.0100       16.0870 
   1    H1       -7.3040        8.7840       19.0220 
   1    H2       -8.9650        9.1980       18.4800 
   1    H3       -8.9800        6.5720       17.9420 
   1    H4       -7.2190        6.8950       17.8010 
   1    H5       -9.8960        7.7360       20.2200 
   1    H6       -8.2350        7.3220       20.7610 
   1    H7       -8.8290        9.0120       20.8980 
   1    H8        0.7060        4.1700       13.5120 
   1    H9       -0.5380        8.9470       13.1640 
   1   H10        6.4510       -3.1620        7.8430 
   1   H11        2.9570        6.0900       13.6670 
   1   H12        1.7040        5.7970       14.9210 
   1   H13        2.3610        2.8890        9.6810 
   1   H14        3.5340        2.0810       10.7750 
   1   H15        1.8680        2.0450       12.5640 
   1   H16        0.6590        2.8020       11.4720 
   1   H17        1.1600        7.0920       12.2260 
   1   H18        1.5340        8.0030       13.7280 
   1   H19        4.5880       -2.5420        5.5100 
   1   H20        6.0300       -1.5850        5.9910 
   1   H21        1.8210        0.2120       10.9810 
   1   H22        0.9650        0.9890        9.6060 
   1   H23       -2.5390        7.0820       15.4160 
   1   H24       -2.6600        9.6480       11.9850 
   1   H25       -5.0750       10.0030       12.3100 
   1   H26        5.9200       -1.2180        8.7740 
   1   H27        2.6330       -1.4510        6.0740 
   1   H28        4.5370        0.0530       10.3460 
   1   H29        1.2580       -0.1580        7.6370 

