
Resp charges for organic molecule                                               

iqopt   irstrnt  ihfree     qwt
  2      1      1        0.001000

 rel.rms   dipole mom       Qxx      Qyy      Qzz
    0.01241  26.30003   3.10551-236.96087 233.85536

          Point charges before & after optimization
    NO   At.No.    q0           q(opt)   IVARY  d(rstr)/dq 
     1     6  -0.298769      -0.298769  -99    0.003174
     2     6  -0.298769      -0.298769  -99    0.003174
     3     6  -0.129834      -0.129834  -99    0.006102
     4     6  -0.129834      -0.129834  -99    0.006102
     5     6  -0.298127      -0.298127  -99    0.003180
     6     6  -0.279772      -0.279772  -99    0.003366
     7     6  -0.389925      -0.389925  -99    0.002484
     8     6   0.126277       0.126277  -99    0.006208
     9     6   0.075633       0.075633  -99    0.007976
    10     6   0.401886       0.401886  -99    0.002415
    11     6   0.358397       0.358397  -99    0.002688
    12     6  -0.025414      -0.025414  -99    0.009692
    13     6   0.415090       0.415090  -99    0.002342
    14     6   0.769762       0.769762  -99    0.001288
    15     6   0.769343       0.769343  -99    0.001289
    16     6   0.801630       0.801630  -99    0.001238
    17     6   0.801630       0.801630  -99    0.001238
    18     6  -0.196615      -0.184705    0    0.004761
    19     6  -0.122241      -0.049072    0    0.008977
    20     6  -0.078862      -0.068552    0    0.008248
    21     6  -0.218544      -0.292054    0    0.003239
    22     6  -0.363057      -0.299897    0    0.003163
    23     6   0.217747       0.402164    0    0.002413
    24     6   0.101049       0.202717    0    0.004424
    25     6   0.039235       0.039235  -99    0.009309
    26     7  -0.608568      -0.608568  -99    0.001621
    27     7  -0.630222      -0.630222  -99    0.001567
    28     7  -0.615689      -0.615689  -99    0.001603
    29     8  -0.691208      -0.691208  -99    0.001432
    30     8  -0.648958      -0.648958  -99    0.001523
    31     8  -0.820072      -0.820072  -99    0.001210
    32     8  -0.820072      -0.820072  -99    0.001210
    33     8  -0.820072      -0.820072  -99    0.001210
    34     8  -0.820072      -0.820072  -99    0.001210
    35    16  -0.232040      -0.232040  -99    0.003958
    36     1   0.334163       0.334163  -99    0.000000
    37     1   0.369725       0.369725  -99    0.000000
    38     1  -0.041585      -0.041585  -99    0.000000
    39     1   0.071126       0.004726    0    0.000000
    40     1   0.017098       0.004726   39    0.000000
    41     1  -0.025115      -0.107772    0    0.000000
    42     1  -0.048144      -0.107772   41    0.000000
    43     1   0.072748       0.041829    0    0.000000
    44     1   0.090164       0.041829   43    0.000000
    45     1   0.163634       0.126624    0    0.000000
    46     1   0.063783       0.126624   45    0.000000
    47     1   0.018506       0.012769    0    0.000000
    48     1   0.010651       0.012769   47    0.000000
    49     1   0.011297      -0.023122    0    0.000000
    50     1   0.023455      -0.023122   49    0.000000
    51     1   0.064722       0.060222    0    0.000000
    52     1   0.061350       0.060222   51    0.000000
    53     1   0.066624       0.060222   51    0.000000
    54     1   0.294103       0.294103  -99    0.000000
    55     1   0.306485       0.306485  -99    0.000000
    56     1   0.176960       0.176960  -99    0.000000
    57     1   0.121933       0.121933  -99    0.000000
    58     1   0.121933       0.121933  -99    0.000000
    59     1   0.156721       0.156721  -99    0.000000
    60     1   0.156721       0.156721  -99    0.000000

        Statistics of the fitting:
  The initial sum of squares (ssvpot)                    419.367
  The residual sum of squares (chipot)                     0.065
  The std err of estimate (sqrt(chipot/N))               0.00214
  ESP relative RMS (SQRT(chipot/ssvpot))                 0.01241

 Dipole Moment (Debye)=  26.30003
