
Resp charges for organic molecule                                               

iqopt   irstrnt  ihfree     qwt
  2      1      1        0.001000

 rel.rms   dipole mom       Qxx      Qyy      Qzz
    0.16246   2.53599 -45.52118  34.13036  11.39082

          Point charges before & after optimization
    NO   At.No.    q0           q(opt)   IVARY  d(rstr)/dq 
     1     6  -0.300814      -0.300814  -99    0.003155
     2     6  -0.271691      -0.271691  -99    0.003454
     3     6  -0.330054      -0.330054  -99    0.002900
     4     6   0.456896       0.456896  -99    0.002138
     5     6   0.297638       0.297638  -99    0.003185
     6     6  -0.063260      -0.063260  -99    0.008451
     7     6   0.331585       0.331585  -99    0.002887
     8     6  -0.337727      -0.325042    0    0.002940
     9     6   0.292545       0.286245    0    0.003298
    10     6   0.825119       0.825119  -99    0.001203
    11     6   1.034482       1.034482  -99    0.000962
    12     6  -0.197768      -0.166706    0    0.005144
    13     6  -0.195424      -0.337860    0    0.002838
    14     6   0.094790       0.219140    0    0.004151
    15     7  -0.518988      -0.518988  -99    0.001892
    16     7  -1.050561      -1.050561  -99    0.000948
    17     7  -0.648756      -0.648756  -99    0.001523
    18     7  -0.818453      -0.818453  -99    0.001213
    19     8  -0.637760      -0.637760  -99    0.001549
    20    16  -0.071061      -0.071061  -99    0.008151
    21    16  -0.203618      -0.203618  -99    0.004408
    22     8  -0.656750      -0.656750  -99    0.001505
    23     1   0.418290       0.418290  -99    0.000000
    24     1   0.322950       0.322950  -99    0.000000
    25     1   0.415568       0.415568  -99    0.000000
    26     1   0.415568       0.415568  -99    0.000000
    27     1  -0.043169      -0.030496    0    0.000000
    28     1  -0.019484      -0.030496   27    0.000000
    29     1   0.091381       0.040531    0    0.000000
    30     1   0.065117       0.040531   29    0.000000
    31     1   0.098009       0.114823    0    0.000000
    32     1   0.043040       0.114823   31    0.000000
    33     1   0.170122       0.113056    0    0.000000
    34     1   0.077334       0.113056   33    0.000000
    35     1   0.061632       0.073291    0    0.000000
    36     1   0.086709       0.073291   35    0.000000
    37     1   0.084372       0.073291   35    0.000000
    38     1   0.297100       0.297100  -99    0.000000
    39     1   0.189172       0.189172  -99    0.000000
    40     1   0.195919       0.195919  -99    0.000000

        Statistics of the fitting:
  The initial sum of squares (ssvpot)                      3.022
  The residual sum of squares (chipot)                     0.080
  The std err of estimate (sqrt(chipot/N))               0.00265
  ESP relative RMS (SQRT(chipot/ssvpot))                 0.16246

 Dipole Moment (Debye)=   2.53599
