
Resp charges for organic molecule                                               

iqopt   irstrnt  ihfree     qwt
  2      1      1        0.001000

 rel.rms   dipole mom       Qxx      Qyy      Qzz
    0.13096   1.26325 -28.30887  31.32280  -3.01393

          Point charges before & after optimization
    NO   At.No.    q0           q(opt)   IVARY  d(rstr)/dq 
     1     6  -0.224293      -0.218452    0    0.004162
     2     6  -0.263995      -0.263995  -99    0.003542
     3     6  -0.276288      -0.276288  -99    0.003403
     4     6   0.313688       0.369134    0    0.002615
     5     6  -0.268575      -0.268575  -99    0.003489
     6     6   0.456193       0.456193  -99    0.002141
     7     6   0.253667       0.253667  -99    0.003667
     8     6  -0.100092      -0.100092  -99    0.007068
     9     6   0.443995       0.443995  -99    0.002197
    10     6   0.794060       0.794060  -99    0.001249
    11     6   1.019454       1.019454  -99    0.000976
    12     6  -0.234607      -0.229774    0    0.003991
    13     6  -0.231351      -0.276780    0    0.003398
    14     6   0.151703       0.207965    0    0.004334
    15     7  -0.625277      -0.625277  -99    0.001579
    16     7  -0.834376      -0.834376  -99    0.001190
    17     7  -0.624966      -0.624966  -99    0.001580
    18     7  -0.853251      -0.853251  -99    0.001164
    19     8  -0.627591      -0.627591  -99    0.001574
    20     8  -0.627740      -0.627740  -99    0.001573
    21    16  -0.146455      -0.146455  -99    0.005639
    22     1   0.401298       0.401298  -99    0.000000
    23     1   0.335294       0.335294  -99    0.000000
    24     1   0.382106       0.382106  -99    0.000000
    25     1   0.070404       0.045472    0    0.000000
    26     1   0.062357       0.045472   25    0.000000
    27     1   0.089875       0.086355    0    0.000000
    28     1   0.053589       0.086355   27    0.000000
    29     1   0.090097       0.088640    0    0.000000
    30     1   0.089390       0.088640   29    0.000000
    31     1   0.091577       0.088640   29    0.000000
    32     1   0.290530       0.290530  -99    0.000000
    33     1  -0.002689      -0.020046    0    0.000000
    34     1   0.009340      -0.020046   33    0.000000
    35     1   0.180553       0.180553  -99    0.000000
    36     1   0.188996       0.188996  -99    0.000000
    37     1   0.057623       0.053628    0    0.000000
    38     1   0.075723       0.053628   37    0.000000
    39     1   0.040032       0.053628   37    0.000000

        Statistics of the fitting:
  The initial sum of squares (ssvpot)                      2.475
  The residual sum of squares (chipot)                     0.042
  The std err of estimate (sqrt(chipot/N))               0.00199
  ESP relative RMS (SQRT(chipot/ssvpot))                 0.13096

 Dipole Moment (Debye)=   1.26325
