Resp charges for organic molecule

 &cntrl

 nmol = 1,
 ihfree = 1,
 ioutopt = 1,
 iqopt = 2,
 qwt =  0.00100,

 &end
    1.0
Resp charges for organic molecule
   -2   60
    6  -99
    6  -99
    6  -99
    6  -99
    6  -99
    6  -99
    6  -99
    6  -99
    6  -99
    6  -99
    6  -99
    6  -99
    6  -99
    6  -99
    6  -99
    6  -99
    6  -99
    6    0
    6    0
    6    0
    6    0
    6    0
    6    0
    6  -99
    7  -99
    7  -99
    7  -99
    7  -99
    8  -99
    8  -99
    8  -99
    8  -99
    8  -99
    8  -99
    8  -99
   16  -99
    1  -99
    1  -99
    1  -99
    1  -99
    1    0
    1   41
    1    0
    1   43
    1    0
    1   45
    1    0
    1   47
    1    0
    1   49
    1    0
    1   51
    1   51
    1  -99
    1  -99
    1  -99
    1  -99
    1  -99
    1  -99
    1  -99

