
Resp charges for organic molecule                                               

iqopt   irstrnt  ihfree     qwt
  2      1      1        0.001000

 rel.rms   dipole mom       Qxx      Qyy      Qzz
    0.01811  77.73187********** 816.33186 796.02388

          Point charges before & after optimization
    NO   At.No.    q0           q(opt)   IVARY  d(rstr)/dq 
     1     6  -0.415545      -0.415545  -99    0.002340
     2     6  -0.415545      -0.415545  -99    0.002340
     3     6  -0.100390      -0.100390  -99    0.007057
     4     6  -0.100390      -0.100390  -99    0.007057
     5     6  -0.290890      -0.290890  -99    0.003251
     6     6  -0.246052      -0.246052  -99    0.003765
     7     6  -0.273140      -0.273140  -99    0.003438
     8     6   0.020510       0.020510  -99    0.009796
     9     6   0.460206       0.460206  -99    0.002123
    10     6   0.467412       0.467412  -99    0.002092
    11     6   0.278348       0.278348  -99    0.003381
    12     6  -0.110870      -0.110870  -99    0.006698
    13     6   0.444685       0.444685  -99    0.002194
    14     6   0.768791       0.768791  -99    0.001290
    15     6   0.857662       0.857662  -99    0.001158
    16     6   0.857662       0.857662  -99    0.001158
    17     6   1.020889       1.020889  -99    0.000975
    18     6  -0.229535      -0.230797    0    0.003976
    19     6   0.255887       0.254444    0    0.003658
    20     6   0.009314       0.024384    0    0.009715
    21     6  -0.198891      -0.130304    0    0.006088
    22     6   0.353594       0.432760    0    0.002251
    23     6   0.176037       0.122291    0    0.006330
    24     6   0.007887       0.007887  -99    0.009969
    25     7  -0.625789      -0.625789  -99    0.001578
    26     7  -0.646853      -0.646853  -99    0.001528
    27     7  -0.940457      -0.940457  -99    0.001057
    28     7  -0.738485      -0.738485  -99    0.001342
    29     8  -0.653716      -0.653716  -99    0.001512
    30     8  -0.853269      -0.853269  -99    0.001164
    31     8  -0.853269      -0.853269  -99    0.001164
    32     8  -0.629764      -0.629764  -99    0.001568
    33     8  -0.853269      -0.853269  -99    0.001164
    34     8  -0.853269      -0.853269  -99    0.001164
    35     8  -0.560112      -0.560112  -99    0.001758
    36    16  -0.172447      -0.172447  -99    0.005016
    37     1   0.351916       0.351916  -99    0.000000
    38     1   0.398098       0.398098  -99    0.000000
    39     1   0.350389       0.350389  -99    0.000000
    40     1  -0.082310      -0.082310  -99    0.000000
    41     1   0.027773       0.054487    0    0.000000
    42     1   0.054461       0.054487   41    0.000000
    43     1   0.006623      -0.021189    0    0.000000
    44     1   0.001771      -0.021189   43    0.000000
    45     1   0.067751       0.035575    0    0.000000
    46     1   0.053647       0.035575   45    0.000000
    47     1   0.050432      -0.024868    0    0.000000
    48     1  -0.088177      -0.024868   47    0.000000
    49     1  -0.018814      -0.006943    0    0.000000
    50     1   0.027208      -0.006943   49    0.000000
    51     1   0.086925       0.083655    0    0.000000
    52     1   0.076672       0.083655   51    0.000000
    53     1   0.085188       0.083655   51    0.000000
    54     1   0.301168       0.301168  -99    0.000000
    55     1   0.182008       0.182008  -99    0.000000
    56     1   0.191379       0.191379  -99    0.000000
    57     1   0.157794       0.157794  -99    0.000000
    58     1   0.157794       0.157794  -99    0.000000
    59     1   0.171684       0.171684  -99    0.000000
    60     1   0.171684       0.171684  -99    0.000000

        Statistics of the fitting:
  The initial sum of squares (ssvpot)                    413.850
  The residual sum of squares (chipot)                     0.136
  The std err of estimate (sqrt(chipot/N))               0.00291
  ESP relative RMS (SQRT(chipot/ssvpot))                 0.01811

 Dipole Moment (Debye)=  77.73187
