
Resp charges for organic molecule                                               

iqopt   irstrnt  ihfree     qwt
  2      1      1        0.001000

 rel.rms   dipole mom       Qxx      Qyy      Qzz
    0.04284  24.61742-162.25688  50.66876 111.58812

          Point charges before & after optimization
    NO   At.No.    q0           q(opt)   IVARY  d(rstr)/dq 
     1     6  -0.033116      -0.043829    0    0.009159
     2     8  -0.358116      -0.358116  -99    0.002690
     3     6   0.255759       0.255759  -99    0.003641
     4     6  -0.279950      -0.279950  -99    0.003364
     5     6   0.017295       0.017295  -99    0.009854
     6     6   0.015030       0.015030  -99    0.009889
     7     6   0.017295       0.017295  -99    0.009854
     8     6  -0.279950      -0.279950  -99    0.003364
     9     6   0.069231       0.068461    0    0.008251
    10     6   0.440155       0.440155  -99    0.002215
    11     6   0.633378       0.633378  -99    0.001560
    12     8  -0.792093      -0.792093  -99    0.001253
    13     8  -0.792093      -0.792093  -99    0.001253
    14     6   0.633378       0.633378  -99    0.001560
    15     8  -0.792093      -0.792093  -99    0.001253
    16     8  -0.792093      -0.792093  -99    0.001253
    17     1  -0.205348      -0.205348  -99    0.000000
    18     1  -0.147876      -0.099329    0    0.000000
    19     1  -0.051374      -0.099329   18    0.000000
    20     1   0.027385       0.027385  -99    0.000000
    21     1   0.027385       0.027385  -99    0.000000
    22     1   0.114448       0.114448  -99    0.000000
    23     1   0.039628       0.056602    0    0.000000
    24     1   0.067213       0.056602   23    0.000000
    25     1   0.052074       0.056602   23    0.000000
    26     1   0.114448       0.114448  -99    0.000000

        Statistics of the fitting:
  The initial sum of squares (ssvpot)                    780.736
  The residual sum of squares (chipot)                     1.433
  The std err of estimate (sqrt(chipot/N))               0.00956
  ESP relative RMS (SQRT(chipot/ssvpot))                 0.04284

 Dipole Moment (Debye)=  24.61742
