
Resp charges for organic molecule                                               

iqopt   irstrnt  ihfree     qwt
  2      1      1        0.001000

 rel.rms   dipole mom       Qxx      Qyy      Qzz
    0.01540  63.71999********** 523.58546 565.29318

          Point charges before & after optimization
    NO   At.No.    q0           q(opt)   IVARY  d(rstr)/dq 
     1     6  -0.163569      -0.163569  -99    0.005216
     2     6  -0.163569      -0.163569  -99    0.005216
     3     6  -0.381654      -0.381654  -99    0.002535
     4     6  -0.381654      -0.381654  -99    0.002535
     5     6  -0.340015      -0.340015  -99    0.002822
     6     6  -0.142679      -0.142679  -99    0.005739
     7     6  -0.273740      -0.273740  -99    0.003431
     8     6  -0.129383      -0.129383  -99    0.006115
     9     6   0.705418       0.705418  -99    0.001404
    10     6   0.367545       0.367545  -99    0.002625
    11     6   0.245510       0.245510  -99    0.003772
    12     6  -0.087748      -0.087748  -99    0.007517
    13     6   0.244014       0.244014  -99    0.003792
    14     6   0.794134       0.794134  -99    0.001249
    15     6   0.822250       0.822250  -99    0.001207
    16     6   0.822250       0.822250  -99    0.001207
    17     6   0.992632       0.992632  -99    0.001002
    18     6  -0.271187      -0.238879    0    0.003861
    19     6   0.018356       0.021948    0    0.009768
    20     6   0.271316       0.271316  -99    0.003458
    21     6  -0.235841      -0.213170    0    0.004247
    22     6   0.186151       0.179284    0    0.004871
    23     6   0.205124       0.235974    0    0.003902
    24     8  -0.833925      -0.833925  -99    0.001191
    25     7  -0.377499      -0.377499  -99    0.002561
    26     7  -0.657134      -0.657134  -99    0.001504
    27     7  -0.773290      -0.773290  -99    0.001282
    28     7  -0.742224      -0.742224  -99    0.001335
    29     8  -0.652753      -0.652753  -99    0.001514
    30     8  -0.833925      -0.833925  -99    0.001191
    31     8  -0.833925      -0.833925  -99    0.001191
    32     8  -0.647256      -0.647256  -99    0.001527
    33     8  -0.833925      -0.833925  -99    0.001191
    34     8  -0.570102      -0.570102  -99    0.001728
    35    16  -0.073232      -0.073232  -99    0.008068
    36     6   0.101712       0.068724    0    0.008241
    37     6  -0.047380      -0.035568    0    0.009422
    38    16  -0.240546      -0.240546  -99    0.003839
    39     1   0.028916       0.028729    0    0.000000
    40     1   0.003910       0.028729   39    0.000000
    41     1   0.129127       0.079418    0    0.000000
    42     1   0.042650       0.079418   41    0.000000
    43     1   0.041721       0.062993    0    0.000000
    44     1   0.082185       0.062993   43    0.000000
    45     1   0.086277       0.062993   43    0.000000
    46     1   0.346774       0.346774  -99    0.000000
    47     1   0.331514       0.331514  -99    0.000000
    48     1   0.339842       0.339842  -99    0.000000
    49     1   0.013635       0.013697    0    0.000000
    50     1   0.042852       0.013697   49    0.000000
    51     1   0.027531       0.030720    0    0.000000
    52     1   0.030239       0.030720   51    0.000000
    53     1   0.088765       0.057755    0    0.000000
    54     1   0.051575       0.057755   53    0.000000
    55     1  -0.088548      -0.088548  -99    0.000000
    56     1  -0.000453       0.018678    0    0.000000
    57     1   0.039424       0.018678   56    0.000000
    58     1   0.280996       0.280996  -99    0.000000
    59     1   0.163592       0.163592  -99    0.000000
    60     1   0.208421       0.208421  -99    0.000000
    61     1   0.173383       0.173383  -99    0.000000
    62     1   0.173383       0.173383  -99    0.000000
    63     1   0.137017       0.137017  -99    0.000000
    64     1   0.137017       0.137017  -99    0.000000

        Statistics of the fitting:
  The initial sum of squares (ssvpot)                    443.560
  The residual sum of squares (chipot)                     0.105
  The std err of estimate (sqrt(chipot/N))               0.00247
  ESP relative RMS (SQRT(chipot/ssvpot))                 0.01540

 Dipole Moment (Debye)=  63.71999
