	1-4_eel	1-4_vdw	angle	bond	dihed	ecavity	edisper	eel	epb	vdwaals	egb	esurf	pb_tot	gb_tot
0	-1.0000000543186616e-05	4.999999745791683e-06	-5.000000037114205e-06	5.000000468768917e-06	-7.500000814175678e-06	-3.9936874999999756	0.0	-37.573865000003565	52.95867500000011	-39.62189500000106	46.67308250000016	0.0	-28.230784999998463	-30.522690000003138
1	9.99999986106559e-06	2.4999995016372623e-06	1.2500001449922138e-05	9.059419880941277e-14	-4.9999993017024735e-06	-3.9770299999999716	0.0	-37.581432499994605	53.769359999999836	-39.59328250000104	45.88846500000009	0.0	-27.382364999998117	-31.286230000000444
2	-7.500007370708772e-06	-1.5987211554602254e-14	-1.500000029963644e-05	-4.999999946520006e-06	2.499999370186856e-06	-3.966152499999994	0.0	-37.93419750000709	53.74418499999952	-38.734252500000835	46.23595249999868	0.0	-26.890442499999892	-30.43252249999719
3	-2.499997094673745e-06	5.000000550481332e-06	2.4999988461615885e-06	-7.5000001675817884e-06	-7.499999933102686e-06	-4.078059999999999	0.0	-39.04697249999953	55.095114999999566	-38.25755499999929	46.943817499998566	0.0	-26.287482499999726	-30.360719999999674
4	4.9999954967461235e-06	-2.4999997627617176e-06	2.4999999723718247e-06	-2.5000002707997737e-06	2.4999986774076888e-06	-3.916180000000008	0.0	-42.48591500000279	59.0914000000001	-36.63746500000051	49.01084249999994	0.0	-23.948155000002004	-30.11253249999845
5	-1.5000002179021976e-05	2.500000332972263e-06	-1.749999962186166e-05	2.499999760985361e-06	-9.14823772291129e-13	-3.9563774999999897	0.0	-36.26634500000219	50.319617499999566	-39.944337500000266	44.739629999999856	0.0	-29.847470000000442	-31.471079999997897
6	-1.0231815394945443e-12	2.499999791183427e-06	1.5000000054499196e-05	2.250000007286701e-05	2.5000009920006505e-06	-3.944129999999997	0.0	-37.11325250000445	52.794312500000125	-35.45884499999948	44.847062499998806	0.0	-23.721872500001155	-27.724992500000383
7	7.499996968363121e-06	-5.0000001419192586e-06	4.999998910903969e-06	-7.815970093361102e-14	-1.0000002253818252e-05	-4.050082499999988	0.0	-38.42171250001053	54.82414000000014	-38.85058250000037	46.69049249999956	0.0	-26.498239999997537	-30.581805000001765
8	-1.5000002804299584e-05	1.2499999849424626e-05	2.4999992760399437e-06	-5.000000006916139e-06	2.5000015355658434e-06	-3.9171499999999764	0.0	-39.303044999993915	53.95076750000174	-37.651400000000564	46.17370250000002	0.0	-26.92082999999994	-30.78074499999991
9	5.000001578991942e-06	7.499999579607675e-06	4.999999227095486e-06	7.499999959748038e-06	4.999999783095177e-06	-3.960582500000037	0.0	-38.88668749999374	54.37238749999956	-38.68675999999907	46.74847249999961	0.0	-27.16161249999746	-30.82494499999956
10	7.499995604121068e-06	5.00000032666037e-06	1.2499998156556558e-05	-1.0000000283838517e-05	-2.500001098582061e-06	-4.035065000000034	0.0	-37.21107999999495	53.14703000000041	-39.35601999999901	45.30263750000048	0.0	-27.45512249999871	-31.264449999997794
11	2.4999956735882733e-06	-7.50000021731978e-06	-4.999999156041213e-06	-7.500000158700004e-06	-1.250000026331577e-05	-4.033632499999994	0.0	-36.50897500000957	53.1785625000016	-38.47884500000045	45.158482500000915	0.0	-25.842920000000873	-29.829367499998995
12	5.0000028863905754e-06	-7.500000160476361e-06	1.4999999145004494e-05	-9.999999649679125e-06	7.499998766036242e-06	-4.028132500000018	0.0	-37.660937499997544	53.03857000000188	-37.750464999999686	45.83669500000037	0.0	-26.40095499999842	-29.574697500002742
13	7.499994239879015e-06	5.000000111721192e-06	-2.4999991019569734e-06	7.500000409166319e-06	2.5000003720521136e-06	-3.9526399999999944	0.0	-37.60694250000398	51.29576500000083	-39.206654999999486	46.08191749999962	0.0	-29.470452499999	-30.731660000000062
14	2.4999944798764773e-06	2.1316282072803006e-14	-2.4999995460461832e-06	-2.4999999173047627e-06	-4.999999340782324e-06	-4.0435425000000125	0.0	-35.47138499999886	50.9235924999993	-37.283587500000024	44.868957500000775	0.0	-25.87493000000009	-27.886022500001133
15	-9.999997189424903e-06	2.499999791183427e-06	-1.999999950186293e-05	2.4999998515795596e-06	1.2500000137194434e-05	-3.977874999999991	0.0	-39.77283750000902	56.01709999999948	-38.02905250000126	47.86630500000031	0.0	-25.762677500002837	-29.935597500000853
16	-7.499994808313204e-06	-2.6290081223123707e-13	2.5000007184416972e-06	-2.4999999990171773e-06	-2.500000247707135e-06	-4.014720000000032	0.0	-36.96075000000627	52.43698249999939	-39.57529250000029	45.862584999999264	0.0	-28.11378999999721	-30.67346749999939
17	2.4999960146487865e-06	2.4999998942121238e-06	-1.2500000046600235e-05	-5.000000227184387e-06	-2.50000026724706e-06	-3.918560000000004	0.0	-37.40070499999996	51.28906499999967	-38.35762999999912	46.18966500000066	0.0	-28.387845000000937	-29.568685000001494
18	2.5000000505315256e-06	-2.4999998213814933e-06	3.446132268436486e-13	7.49999994198447e-06	4.9999993692040334e-06	-4.008390000000008	0.0	-37.02000250000043	49.85060249999853	-40.39877249999898	45.49812999999999	0.0	-31.576550000000537	-31.920632499999414
19	-7.4999949788434606e-06	2.499999805394282e-06	2.5000000754005214e-06	7.5000001125147264e-06	-2.499999229854666e-06	-4.008662499999982	0.0	-39.211989999999844	56.28932249999949	-38.74963999999977	47.39586749999957	0.0	-25.680967499999866	-30.56575999999987
20	-2.4999947640935716e-06	-2.500000045202455e-06	-4.999999294597046e-06	7.499999949978076e-06	7.499998945448283e-06	-4.003007499999986	0.0	-36.72879749999305	53.12175250000155	-38.82628500000063	45.91377000000133	0.0	-26.436332499999082	-29.641307499998845
21	1.0000000088439265e-05	7.500000105409299e-06	4.999999806187816e-06	-4.999999838162239e-06	7.500001299121095e-06	-3.938800000000012	0.0	-38.601347499996194	57.694877499999606	-37.638167499999554	47.056157499999436	0.0	-22.483412499998792	-29.183332499996965
22	-5.000007718081179e-06	2.5000000754005214e-06	3.446132268436486e-13	-9.999999912579938e-06	5.00000009040491e-06	-4.003395000000011	0.0	-38.379482500007555	52.126175000001275	-39.0326549999996	45.720537500001136	0.0	-29.28936499999918	-31.691607500001197
23	-4.9999983957604854e-06	2.5000003809338978e-06	-5.0000001650118975e-06	-7.500000066329449e-06	-2.4999997343400082e-06	-4.058362499999997	0.0	-36.85850750000654	53.23795500000063	-40.80095749999959	46.82918999999994	0.0	-28.479890000002513	-30.830292500000127
24	-4.9999987936644175e-06	7.500000368310111e-06	-2.4999987218166098e-06	-5.000000200539034e-06	5.5067062021407764e-14	-3.99525499999997	0.0	-37.555345000002205	52.47535000000132	-38.61239750000083	45.88738249999928	0.0	-27.6876525000026	-30.280364999999023
