Run semi-empirical minimization
 &qmmm
    qm_theory='AM1', grms_tol=0.0005,
  scfconv=1.d-10,   qmcharge=-2,
 /
   6    C1        3.2070       -1.6690        6.4010 
   6    C2        4.9320       -1.0130        7.9440 
   6    C3        2.3270       -0.7850        7.0050 
   6    C4        4.0550       -0.1350        8.5510 
   6    C5        4.5020       -1.7810        6.8710 
   6    C6        2.7590       -0.0350        8.0620 
   6    C7        4.5460       -4.6550        7.1900 
   6    C8        6.2840       -4.6740        5.3700 
   6    C9        5.0480       -3.9770        5.9250 
   8   O10        5.0930       -4.4960        8.2990 
   8   O11        6.2380       -5.7450        4.7800 
   8   O12        3.4880       -5.3640        6.9710 
   8   O13        7.3760       -4.0160        5.5940 
   8   O14        5.4230       -2.6230        6.2940 
  35  Br15        1.5550        1.1770        8.8810 
   1    H1        4.2540       -3.9660        5.1640 
   1    H2        4.3740        0.4680        9.3940 
   1    H3        1.3100       -0.6890        6.6430 
   1    H4        5.9500       -1.1030        8.3050 
   1    H5        2.8800       -2.2710        5.5610 

