Run semi-empirical minimization
 &qmmm
    qm_theory='AM1', grms_tol=0.0005,
  scfconv=1.d-10,   qmcharge=-1,
 /
   6    C1       -4.5180        9.2370       12.8850 
   6    C2       -3.1590        8.9700       12.7940 
   6    C3       -3.2790        7.5950       14.7860 
   6    C4       -5.2730        8.6870       13.9220 
   6    C5       -2.5290        8.1570       13.7360 
   6    C6       -4.6340        7.8670       14.8550 
   6    C7       -7.0150        8.2270       15.1760 
   6    C8       -8.4410        8.2530       15.6420 
   6    C9       -0.4520        6.7960       14.0110 
   6   C10        3.0600        5.4860       13.8710 
   6   C11        1.0160        6.9940       14.2140 
   6   C12        1.8440        6.1220       13.2680 
   7   N13       -6.6370        8.8700       14.1300 
   7   N14       -1.1270        7.9110       13.6020 
   8   O15       -1.0060        5.6980       14.2040 
   8   O16        3.5410        5.8190       14.9510 
   8   O17        3.5740        4.5480       13.1190 
  16   S18       -5.7860        7.3200       16.0320 
   1    H1       -0.5850        8.6290       13.1650 
   1    H2        1.1940        5.3180       12.8920 
   1    H3        2.1730        6.7510       12.4280 
   1    H4        1.2620        8.0500       14.0310 
   1    H5        1.2700        6.7330       15.2520 
   1    H6       -2.8040        6.9610       15.5260 
   1    H7       -2.5810        9.3970       11.9820 
   1    H8       -4.9940        9.8750       12.1490 
   1    H9       -8.8440        7.2290       15.6460 
   1   H10       -8.4870        8.6690       16.6590 
   1   H11       -9.0380        8.8790       14.9620 

