Run semi-empirical minimization
 &qmmm
    qm_theory='AM1', grms_tol=0.0005,
  scfconv=1.d-10,   qmcharge=0,
 /
   6    C1        1.3860        1.9630        9.4050 
   6    C2       -4.6820        9.3060       12.9160 
   6    C3       -3.3080        9.1620       12.8020 
   6    C4        2.1820        2.0540       10.6720 
   6    C5       -3.2530        7.7060       14.7390 
   6    C6       -5.3570        8.6510       13.9500 
   6    C7       -2.5950        8.3500       13.6910 
   6    C8       -4.6260        7.8710       14.8530 
   6    C9       -7.0360        8.0560       15.2950 
   6   C10       -0.5080        6.9850       13.6750 
   6   C11        2.0610        4.0320       12.1350 
   6   C12       -8.4050        7.9950       15.9080 
   6   C13        0.9290        7.0630       13.1940 
   6   C14        1.7840        5.9170       13.7000 
   7   N15       -6.7240        8.7290       14.2130 
   7   N16        1.5220        2.8800       11.6870 
   7   N17       -1.2130        8.1230       13.4720 
   7   N18        1.3730        4.6430       13.1230 
   8   O19       -0.9780        5.9630       14.1960 
   8   O20        3.1140        4.4940       11.6770 
  16   S21       -5.6900        7.2370       16.0740 
   1    H1        0.5460        4.2030       13.4730 
   1    H2       -0.6930        8.9020       13.1230 
   1    H3        0.6440        2.5790       12.0590 
   1    H4        2.8340        6.1080       13.4310 
   1    H5        1.6920        5.8590       14.7950 
   1    H6        0.9320        7.0440       12.0940 
   1    H7        1.3660        8.0090       13.5450 
   1    H8       -8.7320        6.9470       15.9710 
   1    H9       -8.3750        8.4320       16.9170 
   1   H10       -9.1110        8.5630       15.2840 
   1   H11       -2.7060        7.0920       15.4450 
   1   H12        3.1630        2.4950       10.4420 
   1   H13        2.3210        1.0410       11.0760 
   1   H14       -2.7790        9.6860       12.0140 
   1   H15       -5.2280        9.9210       12.2090 
   1   H16        0.4040        1.5160        9.6200 
   1   H17        1.2470        2.9700        8.9860 
   1   H18        1.9240        1.3350        8.6790 

