Run semi-empirical minimization
 &qmmm
    qm_theory='AM1', grms_tol=0.0005,
  scfconv=1.d-10,   qmcharge=-2,
 /
   6    C1        2.2750       -0.2960        7.8280 
   6    C2        4.0800       -0.3240        9.3690 
   6    C3        3.0370       -1.0090        6.9220 
   6    C4        4.8460       -1.0300        8.4580 
   6    C5       -4.5160        9.2570       12.9740 
   6    C6       -3.1570        9.0390       12.8340 
   6    C7       -3.1600        7.5870       14.7550 
   6    C8        2.7850        0.0600        9.0640 
   6    C9        4.3340       -1.3870        7.2230 
   6   C10       -5.2170        8.6360       14.0070 
   6   C11       -2.4760        8.2140       13.7190 
   6   C12       -4.5230        7.8040       14.8830 
   6   C13       -6.9140        8.0400       15.3130 
   6   C14       -0.4580        6.7920       13.5870 
   6   C15        4.0870       -4.1700        6.5830 
   6   C16        5.7370       -3.7300        4.7340 
   6   C17        2.1540        3.9840       11.9870 
   6   C18       -9.0110        8.0740       20.1490 
   6   C19        1.9290        0.8120       10.0600 
   6   C20        4.6000       -3.1570        5.5720 
   6   C21        0.9880        6.8150       13.1400 
   6   C22        2.4350        2.1990       10.3590 
   6   C23        1.8040        5.6850       13.7300 
   8   O24        4.6930       -4.4260        7.6420 
   7   N25       -6.5800        8.7590       14.2690 
   7   N26       -1.0870        7.9930       13.5610 
   7   N27        1.9240        2.7140       11.6230 
   7   N28        1.5270        4.4000       13.0980 
   8   O29       -0.9990        5.7560       13.9670 
   8   O30        5.5600       -4.5420        3.8360 
   8   O31        2.9550       -4.6810        6.2250 
   8   O32        2.9320        4.7020       11.3650 
   8   O33        6.8970       -3.2710        5.0800 
   8   O34        5.1220       -2.0330        6.3290 
  16   S35       -5.6230        7.1680       16.0720 
   6   C36       -8.4690        8.3860       18.7420 
   6   C37       -8.3520        7.3390       17.6190 
  16   S38       -8.6010        8.0080       15.9480 
   1    H1       -7.4530        8.7780       18.8930 
   1    H2       -9.1140        9.1820       18.3430 
   1    H3       -9.1060        6.5580       17.7940 
   1    H4       -7.3470        6.8940       17.6650 
   1    H5      -10.0450        7.7070       20.0710 
   1    H6       -8.3840        7.3030       20.6210 
   1    H7       -8.9910        8.9880       20.7600 
   1    H8        0.8390        3.8020       13.5110 
   1    H9        1.3970        2.1140       12.2250 
   1   H10       -0.5140        8.8000       13.4160 
   1   H11        2.8710        5.9180       13.6020 
   1   H12        1.5730        5.6070       14.8030 
   1   H13        2.1190        2.8730        9.5490 
   1   H14        3.5340        2.1710       10.4070 
   1   H15        1.0180        6.7340       12.0430 
   1   H16        1.4360        7.7710       13.4490 
   1   H17        3.7800       -2.8350        4.9140 
   1   H18        1.9040        0.2400       10.9990 
   1   H19        0.9100        0.8930        9.6520 
   1   H20       -2.6360        6.9400       15.4500 
   1   H21       -2.6180        9.5180       12.0250 
   1   H22       -5.0350        9.9100       12.2810 
   1   H23        5.8610       -1.3080        8.7160 
   1   H24        2.6120       -1.2750        5.9600 
   1   H25        4.5000       -0.0680       10.3350 
   1   H26        1.2620       -0.0120        7.5660 

