
Resp charges for organic molecule                                               

iqopt   irstrnt  ihfree     qwt
  2      1      1        0.001000

 rel.rms   dipole mom       Qxx      Qyy      Qzz
    0.01409  25.37748 -36.32139-223.87473 260.19612

          Point charges before & after optimization
    NO   At.No.    q0           q(opt)   IVARY  d(rstr)/dq 
     1     6  -0.278709      -0.278709  -99    0.003377
     2     6  -0.278709      -0.278709  -99    0.003377
     3     6  -0.159029      -0.159029  -99    0.005323
     4     6  -0.159029      -0.159029  -99    0.005323
     5     6  -0.290371      -0.290371  -99    0.003256
     6     6  -0.251342      -0.251342  -99    0.003697
     7     6  -0.342653      -0.342653  -99    0.002802
     8     6   0.071454       0.071454  -99    0.008136
     9     6   0.141070       0.141070  -99    0.005783
    10     6   0.301958       0.301958  -99    0.003144
    11     6   0.317783       0.317783  -99    0.003002
    12     6  -0.046774      -0.046774  -99    0.009058
    13     6   0.242559       0.242559  -99    0.003811
    14     6   0.752955       0.752955  -99    0.001317
    15     6   0.828761       0.828761  -99    0.001198
    16     6   0.781906       0.781906  -99    0.001269
    17     6   0.781906       0.781906  -99    0.001269
    18     6  -0.236234      -0.206045    0    0.004366
    19     6  -0.073312      -0.094976    0    0.007251
    20     6  -0.098107      -0.088571    0    0.007486
    21     6  -0.264609      -0.268133    0    0.003494
    22     6  -0.406690      -0.358163    0    0.002689
    23     6   0.211386       0.236251    0    0.003898
    24     6   0.096318       0.157363    0    0.005363
    25     6   0.067549       0.067549  -99    0.008287
    26     7  -0.364216      -0.364216  -99    0.002648
    27     7  -0.598032      -0.598032  -99    0.001649
    28     7  -0.624594      -0.624594  -99    0.001581
    29     8  -0.685393      -0.685393  -99    0.001444
    30     8  -0.683022      -0.683022  -99    0.001449
    31     8  -0.813225      -0.813225  -99    0.001220
    32     8  -0.813225      -0.813225  -99    0.001220
    33     8  -0.813225      -0.813225  -99    0.001220
    34     8  -0.813225      -0.813225  -99    0.001220
    35    16  -0.109320      -0.109320  -99    0.006750
    36     6   0.121962       0.107534    0    0.006809
    37     6  -0.118115      -0.110351    0    0.006715
    38    16  -0.255391      -0.255391  -99    0.003646
    39     1   0.019064       0.013405    0    0.000000
    40     1  -0.000374       0.013405   39    0.000000
    41     1   0.133614       0.097233    0    0.000000
    42     1   0.068409       0.097233   41    0.000000
    43     1   0.029845       0.044083    0    0.000000
    44     1   0.067439       0.044083   43    0.000000
    45     1   0.058758       0.044083   43    0.000000
    46     1   0.349638       0.349638  -99    0.000000
    47     1   0.369637       0.369637  -99    0.000000
    48     1  -0.040848      -0.040848  -99    0.000000
    49     1   0.039482       0.029510    0    0.000000
    50     1   0.070402       0.029510   49    0.000000
    51     1  -0.024373      -0.049351    0    0.000000
    52     1  -0.043898      -0.049351   51    0.000000
    53     1   0.097769       0.079759    0    0.000000
    54     1   0.089060       0.079759   53    0.000000
    55     1   0.141859       0.100805    0    0.000000
    56     1   0.073406       0.100805   55    0.000000
    57     1   0.025264       0.011628    0    0.000000
    58     1   0.002996       0.011628   57    0.000000
    59     1  -0.006975       0.015400    0    0.000000
    60     1   0.029590       0.015400   59    0.000000
    61     1   0.286693       0.286693  -99    0.000000
    62     1   0.299397       0.299397  -99    0.000000
    63     1   0.165976       0.165976  -99    0.000000
    64     1   0.125401       0.125401  -99    0.000000
    65     1   0.125401       0.125401  -99    0.000000
    66     1   0.153176       0.153176  -99    0.000000
    67     1   0.153176       0.153176  -99    0.000000

        Statistics of the fitting:
  The initial sum of squares (ssvpot)                    428.688
  The residual sum of squares (chipot)                     0.085
  The std err of estimate (sqrt(chipot/N))               0.00230
  ESP relative RMS (SQRT(chipot/ssvpot))                 0.01409

 Dipole Moment (Debye)=  25.37748
