
Resp charges for organic molecule                                               

iqopt   irstrnt  ihfree     qwt
  2      1      1        0.001000

 rel.rms   dipole mom       Qxx      Qyy      Qzz
    0.02207  90.29896********** 692.56810 964.24645

          Point charges before & after optimization
    NO   At.No.    q0           q(opt)   IVARY  d(rstr)/dq 
     1     6  -0.289600      -0.289600  -99    0.003264
     2     6  -0.289600      -0.289600  -99    0.003264
     3     6  -0.146120      -0.146120  -99    0.005648
     4     6  -0.146120      -0.146120  -99    0.005648
     5     6  -0.290765      -0.290765  -99    0.003252
     6     6  -0.282314      -0.282314  -99    0.003339
     7     6  -0.346317      -0.346317  -99    0.002774
     8     6   0.056302       0.056302  -99    0.008714
     9     6   0.093768       0.093768  -99    0.007295
    10     6   0.441635       0.441635  -99    0.002208
    11     6   0.331002       0.331002  -99    0.002892
    12     6  -0.053310      -0.053310  -99    0.008824
    13     6   0.353773       0.353773  -99    0.002720
    14     6   0.810022       0.810022  -99    0.001225
    15     6   0.855027       0.855027  -99    0.001162
    16     6   0.855027       0.855027  -99    0.001162
    17     6   1.168965       1.168965  -99    0.000852
    18     6  -0.304575      -0.283597    0    0.003325
    19     6  -0.052508      -0.073394    0    0.008062
    20     6  -0.003726       0.004680    0    0.009989
    21     6  -0.334408      -0.398176    0    0.002436
    22     6   0.299571       0.294331    0    0.003217
    23     6   0.185939       0.266919    0    0.003508
    24     6   0.037030       0.037030  -99    0.009378
    25     7  -0.527303      -0.527303  -99    0.001863
    26     7  -0.652605      -0.652605  -99    0.001515
    27     7  -0.923199      -0.923199  -99    0.001077
    28     7  -0.909871      -0.909871  -99    0.001092
    29     8  -0.621667      -0.621667  -99    0.001588
    30     8  -0.854804      -0.854804  -99    0.001162
    31     8  -0.854804      -0.854804  -99    0.001162
    32     8  -0.694497      -0.694497  -99    0.001425
    33     8  -0.854804      -0.854804  -99    0.001162
    34     8  -0.854804      -0.854804  -99    0.001162
    35    16  -0.077127      -0.077127  -99    0.007918
    36     6   0.311959       0.320481    0    0.002979
    37     6  -0.257657      -0.212780    0    0.004253
    38    16  -0.202168      -0.202168  -99    0.004434
    39     1  -0.055655      -0.047607    0    0.000000
    40     1  -0.026234      -0.047607   39    0.000000
    41     1   0.181875       0.121050    0    0.000000
    42     1   0.093077       0.121050   41    0.000000
    43     1   0.047901       0.058385    0    0.000000
    44     1   0.080042       0.058385   43    0.000000
    45     1   0.071061       0.058385   43    0.000000
    46     1   0.405310       0.405310  -99    0.000000
    47     1   0.376025       0.376025  -99    0.000000
    48     1   0.335085       0.335085  -99    0.000000
    49     1  -0.088343      -0.088343  -99    0.000000
    50     1   0.068999       0.024181    0    0.000000
    51     1   0.051588       0.024181   50    0.000000
    52     1   0.032673       0.014310    0    0.000000
    53     1  -0.023552       0.014310   52    0.000000
    54     1   0.128334       0.126260    0    0.000000
    55     1   0.074595       0.126260   54    0.000000
    56     1   0.045173      -0.028889    0    0.000000
    57     1  -0.093952      -0.028889   56    0.000000
    58     1   0.007002       0.033111    0    0.000000
    59     1   0.050929       0.033111   58    0.000000
    60     1   0.295624       0.295624  -99    0.000000
    61     1   0.195151       0.195151  -99    0.000000
    62     1   0.194608       0.194608  -99    0.000000
    63     1   0.154647       0.154647  -99    0.000000
    64     1   0.154647       0.154647  -99    0.000000
    65     1   0.134022       0.134022  -99    0.000000
    66     1   0.134022       0.134022  -99    0.000000

        Statistics of the fitting:
  The initial sum of squares (ssvpot)                    427.725
  The residual sum of squares (chipot)                     0.208
  The std err of estimate (sqrt(chipot/N))               0.00343
  ESP relative RMS (SQRT(chipot/ssvpot))                 0.02207

 Dipole Moment (Debye)=  90.29896
