
Resp charges for organic molecule                                               

iqopt   irstrnt  ihfree     qwt
  2      1      1        0.001000

 rel.rms   dipole mom       Qxx      Qyy      Qzz
    0.01799  15.27845-130.76259  35.77577  94.98682

          Point charges before & after optimization
    NO   At.No.    q0           q(opt)   IVARY  d(rstr)/dq 
     1     6  -0.328342      -0.328342  -99    0.002913
     2     6  -0.210298      -0.210298  -99    0.004294
     3     6  -0.287817      -0.287817  -99    0.003282
     4     6   0.470628       0.470628  -99    0.002078
     5     6   0.207907       0.207907  -99    0.004335
     6     6  -0.106617      -0.106617  -99    0.006841
     7     6   0.433851       0.433851  -99    0.002246
     8     6  -0.240346      -0.237985    0    0.003874
     9     6   0.640441       0.640441  -99    0.001543
    10     6   0.832330       0.832330  -99    0.001193
    11     6  -0.024096      -0.027454    0    0.009643
    12     6  -0.066828      -0.062093    0    0.008495
    13     7  -0.631362      -0.631362  -99    0.001564
    14     7  -0.423485      -0.423485  -99    0.002298
    15     8  -0.680464      -0.680464  -99    0.001454
    16     8  -0.791919      -0.791919  -99    0.001253
    17     8  -0.791919      -0.791919  -99    0.001253
    18    16  -0.190499      -0.190499  -99    0.004648
    19     1   0.257599       0.257599  -99    0.000000
    20     1  -0.000861      -0.002840    0    0.000000
    21     1  -0.001697      -0.002840   20    0.000000
    22     1   0.004088       0.003814    0    0.000000
    23     1   0.001873       0.003814   22    0.000000
    24     1   0.303572       0.303572  -99    0.000000
    25     1   0.195085       0.195085  -99    0.000000
    26     1   0.183394       0.183394  -99    0.000000
    27     1   0.083070       0.081166    0    0.000000
    28     1   0.079157       0.081166   27    0.000000
    29     1   0.083554       0.081166   27    0.000000

        Statistics of the fitting:
  The initial sum of squares (ssvpot)                     97.265
  The residual sum of squares (chipot)                     0.031
  The std err of estimate (sqrt(chipot/N))               0.00189
  ESP relative RMS (SQRT(chipot/ssvpot))                 0.01799

 Dipole Moment (Debye)=  15.27845
