Run semi-empirical minimization
 &qmmm
    qm_theory='AM1', grms_tol=0.0005,
  scfconv=1.d-10,   qmcharge=-2,
 /
   6    C1        3.9300       -0.3670        8.8530 
   6    C2        2.2610       -0.7080        7.1700 
   6    C3        4.8410       -1.0670        8.0840 
   6    C4        3.1730       -1.4370        6.4290 
   6    C5       -4.5630        9.2740       12.9950 
   6    C6       -3.2010        9.0830       12.8440 
   6    C7       -3.1600        7.6340       14.7670 
   6    C8        4.4760       -1.6020        6.8590 
   6    C9       -5.2470        8.6440       14.0370 
   6   C10        2.6480       -0.1650        8.3780 
   6   C11       -2.4990        8.2560       13.7140 
   6   C12       -4.5240        7.8310       14.9110 
   6   C13       -6.9160        8.0050       15.3670 
   6   C14       -0.4190        6.8980       13.6200 
   6   C15        4.9920       -4.4080        7.5890 
   6   C16        6.8910       -4.4990        5.9790 
   6   C17        1.9180        4.0180       12.2370 
   6   C18       -8.3130        7.8810       15.9020 
   6   C19        2.1390        1.0830       10.3770 
   6   C20        5.4420       -2.4360        6.0570 
   6   C21        1.0080        6.9910       13.1440 
   6   C22        1.2600        2.2630       10.6550 
   6   C23        1.8900        5.9360       13.7660 
   6   C24        6.0530       -3.6030        6.8600 
   7   N25       -6.6090        8.7380       14.3220 
   7   N26       -1.1070        8.0600       13.5530 
   7   N27        1.4440        2.7830       12.0040 
   7   N28        1.4890        4.5920       13.3730 
   8   O29       -0.8940        5.8460       14.0390 
   8   O30        5.1160       -4.7000        8.7680 
   8   O31        6.4480       -5.4970        5.4330 
   8   O32        2.7270        4.5640       11.4880 
   8   O33        3.9700       -4.7500        6.8690 
   8   O34        8.1090       -4.0710        5.8480 
   8   O35        1.7270        0.5330        9.1210 
  16   S36       -5.5890        7.1890       16.1270 
   1    H1        0.8730        4.0780       13.9700 
   1    H2        1.2100        2.2000       12.7820 
   1    H3       -0.5670        8.8810       13.3680 
   1    H4        6.7180       -3.1660        7.6200 
   1    H5        2.9290        6.1060       13.4450 
   1    H6        1.8270        6.0200       14.8610 
   1    H7        0.2100        1.9590       10.5320 
   1    H8        1.4980        3.0580        9.9330 
   1    H9        1.0250        6.8670       12.0510 
   1   H10        1.4040        7.9830       13.4060 
   1   H11        4.9090       -2.8510        5.1890 
   1   H12        6.2590       -1.7870        5.7090 
   1   H13        3.1910        1.4010       10.3230 
   1   H14        2.0240        0.3320       11.1730 
   1   H15       -8.6200        6.8240       15.8830 
   1   H16       -8.3440        8.2530       16.9370 
   1   H17       -8.9990        8.4730       15.2790 
   1   H18       -2.6180        7.0050       15.4640 
   1   H19       -2.6760        9.5830       12.0390 
   1   H20       -5.1000        9.9130       12.3040 
   1   H21        2.8600       -1.8870        5.4940 
   1   H22        5.8560       -1.1980        8.4440 
   1   H23        1.2510       -0.5640        6.8040 
   1   H24        4.2200        0.0200        9.8240 

