Run semi-empirical minimization
 &qmmm
    qm_theory='AM1', grms_tol=0.0005,
  scfconv=1.d-10,   qmcharge=0,
 /
   6    C1        0.9770        6.7540       12.9020 
   6    C2       -0.3710        6.7780       13.5930 
   8    O3       -0.8400        5.8010       14.1810 
   7    N4       -1.0430        7.9710       13.5020 
   6    C5       -2.4520        8.1720       13.6430 
   6    C6       -3.1800        8.9100       12.7010 
   6    C7       -4.5430        9.0970       12.8540 
   6    C8       -5.2190        8.5530       13.9370 
   6    C9       -4.4740        7.8190       14.8640 
   6   C10       -3.1050        7.6290       14.7250 
  16   S11       -5.5070        7.2320       16.1420 
   6   C12       -6.8700        8.0260       15.3430 
   7   N13       -6.5850        8.6530       14.2300 
   7   N14       -8.0730        7.9710       15.8340 
   6   C15       -8.4480        7.1910       16.9970 
   1    H1       -8.2380        6.1280       16.8090 
   1    H2       -7.8690        7.5310       17.8680 
   1    H3       -9.5220        7.3230       17.1960 
   1    H4       -8.8090        8.5190       15.3650 
   1    H5       -2.5550        7.0570       15.4640 
   1    H6       -5.0890        9.6750       12.1170 
   1    H7       -2.6710        9.3380       11.8450 
   1    H8       -0.4900        8.7840       13.3180 
   1    H9        0.8430        6.9630       11.8300 
   1   H10        1.6290        7.5200       13.3460 
   1   H11        1.4360        5.7630       13.0290 

