
Resp charges for organic molecule                                               

iqopt   irstrnt  ihfree     qwt
  2      1      1        0.001000

 rel.rms   dipole mom       Qxx      Qyy      Qzz
    0.01960  96.80403********** 997.292041048.34987

          Point charges before & after optimization
    NO   At.No.    q0           q(opt)   IVARY  d(rstr)/dq 
     1     6  -0.423650      -0.423650  -99    0.002297
     2     6  -0.423650      -0.423650  -99    0.002297
     3     6  -0.102682      -0.102682  -99    0.006977
     4     6  -0.102682      -0.102682  -99    0.006977
     5     6  -0.298652      -0.298652  -99    0.003175
     6     6  -0.270226      -0.270226  -99    0.003471
     7     6  -0.326102      -0.326102  -99    0.002932
     8     6   0.028433       0.028433  -99    0.009619
     9     6   0.448839       0.448839  -99    0.002175
    10     6   0.481466       0.481466  -99    0.002034
    11     6   0.306732       0.306732  -99    0.003100
    12     6  -0.069823      -0.069823  -99    0.008199
    13     6   0.331750       0.331750  -99    0.002886
    14     6   0.810451       0.810451  -99    0.001225
    15     6   0.855370       0.855370  -99    0.001161
    16     6   0.855370       0.855370  -99    0.001161
    17     6   1.064640       1.064640  -99    0.000935
    18     6  -0.314967      -0.301777    0    0.003145
    19     6   0.244759       0.228685    0    0.004007
    20     6   0.004470       0.020521    0    0.009796
    21     6  -0.259519      -0.316596    0    0.003012
    22     6   0.339927       0.428331    0    0.002274
    23     6   0.153033       0.162707    0    0.005236
    24     6   0.016443       0.016443  -99    0.009867
    25     7  -0.521732      -0.521732  -99    0.001882
    26     7  -0.644129      -0.644129  -99    0.001534
    27     7  -0.934570      -0.934570  -99    0.001064
    28     7  -0.857760      -0.857760  -99    0.001158
    29     8  -0.626228      -0.626228  -99    0.001577
    30     8  -0.853511      -0.853511  -99    0.001164
    31     8  -0.853511      -0.853511  -99    0.001164
    32     8  -0.641319      -0.641319  -99    0.001541
    33     8  -0.853511      -0.853511  -99    0.001164
    34     8  -0.853511      -0.853511  -99    0.001164
    35     8  -0.561076      -0.561076  -99    0.001755
    36    16  -0.061201      -0.061201  -99    0.008529
    37     6   0.302780       0.294466    0    0.003215
    38     6  -0.215263      -0.186214    0    0.004731
    39    16  -0.210879      -0.210879  -99    0.004285
    40     1  -0.050644      -0.037392    0    0.000000
    41     1  -0.026561      -0.037392   40    0.000000
    42     1   0.170551       0.118210    0    0.000000
    43     1   0.084825       0.118210   42    0.000000
    44     1   0.051158       0.066157    0    0.000000
    45     1   0.084003       0.066157   44    0.000000
    46     1   0.075417       0.066157   44    0.000000
    47     1   0.410793       0.410793  -99    0.000000
    48     1   0.384867       0.384867  -99    0.000000
    49     1   0.333967       0.333967  -99    0.000000
    50     1  -0.084027      -0.084027  -99    0.000000
    51     1   0.073169       0.061949    0    0.000000
    52     1   0.059197       0.061949   51    0.000000
    53     1   0.006518      -0.017916    0    0.000000
    54     1   0.006759      -0.017916   53    0.000000
    55     1   0.095146       0.094412    0    0.000000
    56     1   0.055451       0.094412   55    0.000000
    57     1   0.048912      -0.026685    0    0.000000
    58     1  -0.089735      -0.026685   57    0.000000
    59     1  -0.017780      -0.001287    0    0.000000
    60     1   0.029572      -0.001287   59    0.000000
    61     1   0.298112       0.298112  -99    0.000000
    62     1   0.183300       0.183300  -99    0.000000
    63     1   0.189800       0.189800  -99    0.000000
    64     1   0.157901       0.157901  -99    0.000000
    65     1   0.157901       0.157901  -99    0.000000
    66     1   0.173560       0.173560  -99    0.000000
    67     1   0.173560       0.173560  -99    0.000000

        Statistics of the fitting:
  The initial sum of squares (ssvpot)                    425.442
  The residual sum of squares (chipot)                     0.163
  The std err of estimate (sqrt(chipot/N))               0.00301
  ESP relative RMS (SQRT(chipot/ssvpot))                 0.01960

 Dipole Moment (Debye)=  96.80403
