Run semi-empirical minimization
 &qmmm
    qm_theory='AM1', grms_tol=0.0005,
  scfconv=1.d-10,   qmcharge=0,
 /
   6    C1       -4.7050        9.3640       12.9600 
   6    C2       -3.3330        9.2050       12.8360 
   6    C3       -3.2920        7.7290       14.7560 
   6    C4       -5.3850        8.7220       14.0010 
   6    C5       -2.6250        8.3760       13.7170 
   6    C6       -4.6580        7.9170       14.8870 
   6    C7       -7.0450        8.1190       15.3550 
   6    C8       -0.5180        7.0520       13.7190 
   6    C9        2.0260        4.1370       12.4340 
   6   C10       -8.4440        8.0350       15.8930 
   6   C11        0.9220        7.1630       13.2480 
   6   C12        1.8450        6.1400       13.8710 
   7   N13       -6.7450        8.8220       14.2850 
   7   N14        1.5120        2.9290       12.1370 
   7   N15       -1.2300        8.1880       13.5560 
   7   N16        1.4820        4.7730       13.4760 
   8   O17       -0.9930        6.0050       14.1950 
   8   O18        2.9500        4.6470       11.7690 
  16   S19       -5.7130        7.2650       16.0940 
   1    H1        0.7900        4.2920       14.0160 
   1    H2       -0.7080        8.9980       13.2880 
   1    H3        0.7640        2.5560       12.6860 
   1    H4        1.8770        2.4050       11.3680 
   1    H5        2.8760        6.3430       13.5460 
   1    H6        1.7830        6.2230       14.9660 
   1    H7        0.9420        7.0300       12.1560 
   1    H8        1.2940        8.1670       13.5020 
   1    H9       -8.7820        6.9880       15.8710 
   1   H10       -8.4610        8.4040       16.9290 
   1   H11       -9.1130        8.6490       15.2730 
   1   H12       -2.7530        7.0910       15.4470 
   1   H13       -2.8010        9.7280       12.0500 
   1   H14       -5.2480        9.9820       12.2540 

