
Resp charges for organic molecule                                               

iqopt   irstrnt  ihfree     qwt
  2      1      1        0.001000

 rel.rms   dipole mom       Qxx      Qyy      Qzz
    0.02209  56.24026********** 660.98843 663.72372

          Point charges before & after optimization
    NO   At.No.    q0           q(opt)   IVARY  d(rstr)/dq 
     1     6  -0.401009      -0.401009  -99    0.002420
     2     6  -0.401009      -0.401009  -99    0.002420
     3     6  -0.092568      -0.092568  -99    0.007339
     4     6  -0.092568      -0.092568  -99    0.007339
     5     6  -0.269034      -0.269034  -99    0.003484
     6     6  -0.281274      -0.281274  -99    0.003350
     7     6  -0.277465      -0.277465  -99    0.003391
     8     6  -0.101233      -0.101233  -99    0.007028
     9     6   0.462484       0.462484  -99    0.002113
    10     6   0.542544       0.542544  -99    0.001813
    11     6   0.264731       0.264731  -99    0.003534
    12     6  -0.099721      -0.099721  -99    0.007081
    13     6   0.438361       0.438361  -99    0.002224
    14     6   0.785784       0.785784  -99    0.001262
    15     6   0.836370       0.836370  -99    0.001187
    16     6   1.047769       1.047769  -99    0.000950
    17     6  -0.224149      -0.219153    0    0.004151
    18     6   0.241010       0.236297    0    0.003897
    19     6   0.097515       0.099952    0    0.007073
    20     6  -0.196593      -0.248810    0    0.003729
    21     6   0.287453       0.275601    0    0.003411
    22     6   0.127274       0.197853    0    0.004511
    23     6  -0.035039      -0.035331    0    0.009429
    24     7  -0.628403      -0.628403  -99    0.001572
    25     7  -0.622303      -0.622303  -99    0.001587
    26     7  -0.914970      -0.914970  -99    0.001086
    27     7  -0.853831      -0.853831  -99    0.001163
    28     8  -0.629990      -0.629990  -99    0.001568
    29     8  -0.831189      -0.831189  -99    0.001194
    30     8  -0.629765      -0.629765  -99    0.001568
    31     8  -0.831189      -0.831189  -99    0.001194
    32     8  -0.519816      -0.519816  -99    0.001889
    33    16  -0.147372      -0.147372  -99    0.005615
    34     1   0.404791       0.404791  -99    0.000000
    35     1   0.401165       0.401165  -99    0.000000
    36     1   0.331480       0.331480  -99    0.000000
    37     1   0.075099       0.046550    0    0.000000
    38     1   0.066224       0.046550   37    0.000000
    39     1   0.025645       0.032410    0    0.000000
    40     1   0.025544       0.032410   39    0.000000
    41     1   0.083386       0.077862    0    0.000000
    42     1   0.042809       0.077862   41    0.000000
    43     1   0.002380      -0.003522    0    0.000000
    44     1  -0.009008      -0.003522   43    0.000000
    45     1   0.004060      -0.000456    0    0.000000
    46     1  -0.008241      -0.000456   45    0.000000
    47     1   0.088918       0.084929    0    0.000000
    48     1   0.083601       0.084929   47    0.000000
    49     1   0.087265       0.084929   47    0.000000
    50     1   0.297368       0.297368  -99    0.000000
    51     1   0.183189       0.183189  -99    0.000000
    52     1   0.188085       0.188085  -99    0.000000
    53     1   0.146339       0.146339  -99    0.000000
    54     1   0.146339       0.146339  -99    0.000000
    55     1   0.167675       0.167675  -99    0.000000
    56     1   0.167675       0.167675  -99    0.000000
    57     1  -0.028183      -0.027163    0    0.000000
    58     1  -0.024413      -0.027163   57    0.000000

        Statistics of the fitting:
  The initial sum of squares (ssvpot)                    109.266
  The residual sum of squares (chipot)                     0.053
  The std err of estimate (sqrt(chipot/N))               0.00185
  ESP relative RMS (SQRT(chipot/ssvpot))                 0.02209

 Dipole Moment (Debye)=  56.24026
