Resp charges for organic molecule

 &cntrl

 nmol = 1,
 ihfree = 1,
 ioutopt = 1,
 iqopt = 2,
 qwt =  0.00100,

 &end
    1.0
Resp charges for organic molecule
   -2   59
    6  -99
    6  -99
    6  -99
    6  -99
    6  -99
    6  -99
    6  -99
    6  -99
    6  -99
    6  -99
    6  -99
    6  -99
    6  -99
    6  -99
    6  -99
    6  -99
    6  -99
    6    0
    6    0
    6    0
    6    0
    6    0
    6    0
    6  -99
    7  -99
    7  -99
    7  -99
    7  -99
    8  -99
    8  -99
    8  -99
    8  -99
    8  -99
    8  -99
   16  -99
    1  -99
    1  -99
    1  -99
    1  -99
    1    0
    1   40
    1    0
    1   42
    1    0
    1   44
    1    0
    1   46
    1    0
    1   48
    1    0
    1   50
    1   50
    1  -99
    1  -99
    1  -99
    1  -99
    1  -99
    1  -99
    1  -99

