
Resp charges for organic molecule                                               

iqopt   irstrnt  ihfree     qwt
  2      1      1        0.001000

 rel.rms   dipole mom       Qxx      Qyy      Qzz
    0.01803  72.18098********** 668.80725 694.16641

          Point charges before & after optimization
    NO   At.No.    q0           q(opt)   IVARY  d(rstr)/dq 
     1     6  -0.299901      -0.299901  -99    0.003163
     2     6  -0.299901      -0.299901  -99    0.003163
     3     6  -0.142085      -0.142085  -99    0.005755
     4     6  -0.142085      -0.142085  -99    0.005755
     5     6  -0.309230      -0.309230  -99    0.003077
     6     6  -0.196728      -0.196728  -99    0.004531
     7     6  -0.263101      -0.263101  -99    0.003553
     8     6   0.074696       0.074696  -99    0.008012
     9     6   0.088753       0.088753  -99    0.007479
    10     6   0.464438       0.464438  -99    0.002105
    11     6   0.237684       0.237684  -99    0.003878
    12     6  -0.112661      -0.112661  -99    0.006638
    13     6   0.451335       0.451335  -99    0.002163
    14     6   0.769408       0.769408  -99    0.001289
    15     6   0.855978       0.855978  -99    0.001160
    16     6   0.855978       0.855978  -99    0.001160
    17     6   0.986821       0.986821  -99    0.001008
    18     6  -0.243184      -0.225734    0    0.004050
    19     6  -0.061298      -0.062020    0    0.008498
    20     6  -0.011678      -0.008812    0    0.009961
    21     6  -0.205741      -0.133738    0    0.005988
    22     6   0.274117       0.307673    0    0.003091
    23     6   0.204843       0.183152    0    0.004792
    24     6   0.035695       0.035695  -99    0.009418
    25     7  -0.621609      -0.621609  -99    0.001588
    26     7  -0.624629      -0.624629  -99    0.001581
    27     7  -0.780043      -0.780043  -99    0.001272
    28     7  -0.766802      -0.766802  -99    0.001293
    29     8  -0.654836      -0.654836  -99    0.001510
    30     8  -0.854768      -0.854768  -99    0.001162
    31     8  -0.854768      -0.854768  -99    0.001162
    32     8  -0.628480      -0.628480  -99    0.001571
    33     8  -0.854768      -0.854768  -99    0.001162
    34     8  -0.854768      -0.854768  -99    0.001162
    35    16  -0.180705      -0.180705  -99    0.004842
    36     1   0.355302       0.355302  -99    0.000000
    37     1   0.335417       0.335417  -99    0.000000
    38     1   0.338522       0.338522  -99    0.000000
    39     1  -0.085716      -0.085716  -99    0.000000
    40     1   0.014034       0.029667    0    0.000000
    41     1   0.044481       0.029667   40    0.000000
    42     1   0.012575      -0.003919    0    0.000000
    43     1  -0.002972      -0.003919   42    0.000000
    44     1   0.073573       0.032348    0    0.000000
    45     1   0.048157       0.032348   44    0.000000
    46     1   0.047534      -0.021594    0    0.000000
    47     1  -0.086847      -0.021594   46    0.000000
    48     1   0.007842       0.023044    0    0.000000
    49     1   0.049411       0.023044   48    0.000000
    50     1   0.089498       0.081445    0    0.000000
    51     1   0.077910       0.081445   50    0.000000
    52     1   0.091695       0.081445   50    0.000000
    53     1   0.294997       0.294997  -99    0.000000
    54     1   0.167274       0.167274  -99    0.000000
    55     1   0.205118       0.205118  -99    0.000000
    56     1   0.154889       0.154889  -99    0.000000
    57     1   0.154889       0.154889  -99    0.000000
    58     1   0.138220       0.138220  -99    0.000000
    59     1   0.138220       0.138220  -99    0.000000

        Statistics of the fitting:
  The initial sum of squares (ssvpot)                    418.264
  The residual sum of squares (chipot)                     0.136
  The std err of estimate (sqrt(chipot/N))               0.00295
  ESP relative RMS (SQRT(chipot/ssvpot))                 0.01803

 Dipole Moment (Debye)=  72.18098
