
Resp charges for organic molecule                                               

iqopt   irstrnt  ihfree     qwt
  2      1      1        0.001000

 rel.rms   dipole mom       Qxx      Qyy      Qzz
    0.00852  27.86117-227.92854  95.57369 132.35484

          Point charges before & after optimization
    NO   At.No.    q0           q(opt)   IVARY  d(rstr)/dq 
     1     6  -0.021085       0.029902    0    0.009581
     2     8  -0.383879      -0.383879  -99    0.002521
     3     6   0.096311       0.096311  -99    0.007203
     4     6  -0.179765      -0.179765  -99    0.004861
     5     6  -0.300838      -0.300838  -99    0.003154
     6     6   0.179333       0.179333  -99    0.004870
     7     6  -0.433950      -0.433950  -99    0.002246
     8     6   0.312498       0.312498  -99    0.003048
     9     8  -0.308169      -0.308169  -99    0.003087
    10     6  -0.046866      -0.094345    0    0.007274
    11     6  -0.070287      -0.050039    0    0.008943
    12     6   0.004438       0.004438  -99    0.009990
    13     6   0.859058       0.859058  -99    0.001156
    14     8  -0.857791      -0.857791  -99    0.001158
    15     8  -0.857791      -0.857791  -99    0.001158
    16     6   0.859058       0.859058  -99    0.001156
    17     8  -0.857791      -0.857791  -99    0.001158
    18     8  -0.857791      -0.857791  -99    0.001158
    19     1  -0.064688      -0.064688  -99    0.000000
    20     1  -0.015245       0.004251    0    0.000000
    21     1   0.038354       0.004251   20    0.000000
    22     1   0.081774       0.075473    0    0.000000
    23     1   0.055989       0.075473   22    0.000000
    24     1   0.055587       0.075473   22    0.000000
    25     1   0.186570       0.186570  -99    0.000000
    26     1   0.220452       0.220452  -99    0.000000
    27     1   0.143873       0.143873  -99    0.000000
    28     1   0.042128       0.040141    0    0.000000
    29     1   0.055021       0.040141   28    0.000000
    30     1   0.065492       0.040141   28    0.000000

        Statistics of the fitting:
  The initial sum of squares (ssvpot)                    396.179
  The residual sum of squares (chipot)                     0.029
  The std err of estimate (sqrt(chipot/N))               0.00182
  ESP relative RMS (SQRT(chipot/ssvpot))                 0.00852

 Dipole Moment (Debye)=  27.86117
