
Resp charges for organic molecule                                               

iqopt   irstrnt  ihfree     qwt
  2      1      1        0.001000

 rel.rms   dipole mom       Qxx      Qyy      Qzz
    0.11671   2.31335  73.75225 -35.37904 -38.37321

          Point charges before & after optimization
    NO   At.No.    q0           q(opt)   IVARY  d(rstr)/dq 
     1     6  -0.480076      -0.480269    0    0.002038
     2     6   0.877375       0.877375  -99    0.001132
     3     8  -0.662629      -0.662629  -99    0.001492
     4     7  -0.669325      -0.669325  -99    0.001478
     5     6   0.257895       0.257895  -99    0.003615
     6     6  -0.273507      -0.273507  -99    0.003434
     7     6  -0.313648      -0.313648  -99    0.003038
     8     6   0.549300       0.549300  -99    0.001791
     9     6  -0.159611      -0.159611  -99    0.005309
    10     6  -0.272020      -0.272020  -99    0.003450
    11    16  -0.128748      -0.128748  -99    0.006134
    12     6   0.652132       0.652132  -99    0.001516
    13     7  -0.766146      -0.766146  -99    0.001294
    14     7  -0.660398      -0.660398  -99    0.001497
    15     6  -0.000090      -0.003754    0    0.009993
    16     1   0.054608       0.072477    0    0.000000
    17     1   0.077331       0.072477   16    0.000000
    18     1   0.081579       0.072477   16    0.000000
    19     1   0.399923       0.399923  -99    0.000000
    20     1   0.319329       0.319329  -99    0.000000
    21     1   0.198734       0.198734  -99    0.000000
    22     1   0.177288       0.177288  -99    0.000000
    23     1   0.351053       0.351053  -99    0.000000
    24     1   0.132303       0.129865    0    0.000000
    25     1   0.110359       0.129865   24    0.000000
    26     1   0.146992       0.129865   24    0.000000

        Statistics of the fitting:
  The initial sum of squares (ssvpot)                      2.585
  The residual sum of squares (chipot)                     0.035
  The std err of estimate (sqrt(chipot/N))               0.00212
  ESP relative RMS (SQRT(chipot/ssvpot))                 0.11671

 Dipole Moment (Debye)=   2.31335
