Run semi-empirical minimization
 &qmmm
    qm_theory='AM1', grms_tol=0.0005,
  scfconv=1.d-10,   qmcharge=0,
 /
   6    C1       -5.8070        7.4170       15.3700 
   6    C2       -4.6850        7.7770       14.6560 
   6    C3       -4.7630        8.7740       13.6950 
   6    C4       -5.9800        9.4030       13.4600 
   6    C5       -7.1300        9.0530       14.1690 
   6    C6       -7.0290        8.0490       15.1340 
   6    C7       -8.4760        9.7030       13.9530 
   7    N8       -8.9690       10.1630       12.8130 
   7    N9      -10.2080       10.6460       13.1010 
   7   N10      -10.4730       10.4970       14.3580 
   7   N11       -9.3950        9.9030       14.9080 
  17  Cl12       -6.0040       10.6460       12.2460 
   1    H1       -8.5070       10.1570       11.8930 
   1    H2       -7.9040        7.7580       15.7030 
   1    H3       -3.8820        9.0600       13.1310 
   1    H4       -3.7410        7.2790       14.8450 
   1    H5       -5.7400        6.6380       16.1210 

