
Resp charges for organic molecule                                               

iqopt   irstrnt  ihfree     qwt
  2      1      1        0.001000

 rel.rms   dipole mom       Qxx      Qyy      Qzz
    0.12465   1.18813 -24.30183  38.22477 -13.92294

          Point charges before & after optimization
    NO   At.No.    q0           q(opt)   IVARY  d(rstr)/dq 
     1     6  -0.267737      -0.267737  -99    0.003499
     2     6  -0.284780      -0.284780  -99    0.003313
     3     6  -0.292891      -0.292891  -99    0.003231
     4     6   0.457534       0.457534  -99    0.002135
     5     6   0.284551       0.284551  -99    0.003316
     6     6  -0.092355      -0.092355  -99    0.007346
     7     6   0.440151       0.440151  -99    0.002215
     8     6   0.805709       0.805709  -99    0.001232
     9     6   1.039458       1.039458  -99    0.000958
    10     6  -0.225541      -0.217240    0    0.004181
    11     6  -0.163535      -0.249382    0    0.003722
    12     6   0.102952       0.212392    0    0.004260
    13     7  -0.625277      -0.625277  -99    0.001579
    14     7  -1.050470      -1.050470  -99    0.000948
    15     7  -0.646831      -0.646831  -99    0.001528
    16     7  -0.829133      -0.829133  -99    0.001197
    17     8  -0.640962      -0.640962  -99    0.001542
    18     8  -0.658055      -0.658055  -99    0.001502
    19    16  -0.147011      -0.147011  -99    0.005624
    20     1   0.423764       0.423764  -99    0.000000
    21     1   0.330170       0.330170  -99    0.000000
    22     1   0.414895       0.414895  -99    0.000000
    23     1   0.414895       0.414895  -99    0.000000
    24     1   0.086659       0.037630    0    0.000000
    25     1   0.063282       0.037630   24    0.000000
    26     1   0.087613       0.085828    0    0.000000
    27     1   0.033407       0.085828   26    0.000000
    28     1   0.088379       0.085621    0    0.000000
    29     1   0.086912       0.085621   28    0.000000
    30     1   0.089422       0.085621   28    0.000000
    31     1   0.300250       0.300250  -99    0.000000
    32     1   0.184292       0.184292  -99    0.000000
    33     1   0.190283       0.190283  -99    0.000000

        Statistics of the fitting:
  The initial sum of squares (ssvpot)                      2.580
  The residual sum of squares (chipot)                     0.040
  The std err of estimate (sqrt(chipot/N))               0.00205
  ESP relative RMS (SQRT(chipot/ssvpot))                 0.12465

 Dipole Moment (Debye)=   1.18813
