
Resp charges for organic molecule                                               

iqopt   irstrnt  ihfree     qwt
  2      1      1        0.001000

 rel.rms   dipole mom       Qxx      Qyy      Qzz
    0.02520  19.23810-198.51106  57.46729 141.04378

          Point charges before & after optimization
    NO   At.No.    q0           q(opt)   IVARY  d(rstr)/dq 
     1     6  -0.341603      -0.341603  -99    0.002809
     2     6  -0.171612      -0.171612  -99    0.005035
     3     6  -0.298626      -0.298626  -99    0.003175
     4     6   0.366623       0.366623  -99    0.002631
     5     6   0.225085       0.225085  -99    0.004060
     6     6  -0.087092      -0.087092  -99    0.007541
     7     6   0.234864       0.234864  -99    0.003917
     8     6  -0.256267      -0.234080    0    0.003928
     9     6   0.119573       0.096102    0    0.007209
    10     6   0.656068       0.656068  -99    0.001507
    11     6   0.829908       0.829908  -99    0.001196
    12     6  -0.095610      -0.075980    0    0.007962
    13     6  -0.045802      -0.070314    0    0.008180
    14     6  -0.056128      -0.047625    0    0.009028
    15     7  -0.393148      -0.393148  -99    0.002465
    16     7  -0.437380      -0.437380  -99    0.002229
    17     8  -0.675807      -0.675807  -99    0.001464
    18     8  -0.790469      -0.790469  -99    0.001255
    19     8  -0.790469      -0.790469  -99    0.001255
    20    16  -0.071825      -0.071825  -99    0.008122
    21    16  -0.232678      -0.232678  -99    0.003949
    22     1   0.019463       0.018857    0    0.000000
    23     1   0.005449       0.018857   22    0.000000
    24     1   0.249500       0.249500  -99    0.000000
    25     1  -0.000855      -0.003349    0    0.000000
    26     1  -0.003650      -0.003349   25    0.000000
    27     1   0.011210       0.016087    0    0.000000
    28     1   0.004443       0.016087   27    0.000000
    29     1   0.133662       0.089560    0    0.000000
    30     1   0.059737       0.089560   29    0.000000
    31     1   0.042739       0.053748    0    0.000000
    32     1   0.067142       0.053748   31    0.000000
    33     1   0.066551       0.053748   31    0.000000
    34     1   0.290256       0.290256  -99    0.000000
    35     1   0.189975       0.189975  -99    0.000000
    36     1   0.176770       0.176770  -99    0.000000

        Statistics of the fitting:
  The initial sum of squares (ssvpot)                     98.543
  The residual sum of squares (chipot)                     0.063
  The std err of estimate (sqrt(chipot/N))               0.00244
  ESP relative RMS (SQRT(chipot/ssvpot))                 0.02520

 Dipole Moment (Debye)=  19.23810
