	1-4_eel	1-4_vdw	angle	bond	dihed	ecavity	edisper	eel	epb	vdwaals	egb	esurf	pb_tot	gb_tot
0	-1.4999999621068127e-05	-2.5000000647423803e-06	7.500001146354407e-06	-2.5000001535602223e-06	4.99999878655899e-06	-5.608985000000013	0.0	-425.421742500002	412.03791749999993	-51.56388249999994	389.146172500001	0.0	-70.55669999999844	-87.83946000000071
1	2.500001073713065e-06	-1.5000000056275553e-05	4.999999504207153e-06	2.499999780525286e-06	-1.2150280781497713e-12	-5.8015000000000265	0.0	-381.9205949999978	389.2850999999984	-51.74112250000013	365.1046575000006	0.0	-50.178122500000995	-68.5570650000015
2	9.999998610510374e-06	-7.499999988169748e-06	7.4999994694735506e-06	-5.000000104615765e-06	1.750000051714551e-05	-5.791545000000005	0.0	-421.656087499999	415.8988900000007	-54.064907499999656	390.405962499999	0.0	-65.61362749999938	-85.31500999999844
3	4.999998736820999e-06	2.500000366723043e-06	4.902744876744691e-13	4.999999836385882e-06	-1.0000001548604587e-05	-5.773202499999984	0.0	-421.9404225000022	413.97841000000244	-55.0398249999999	392.95556750000003	0.0	-68.77503749999727	-84.02467749999926
4	-5.0000048759102356e-06	-7.499999433946414e-06	7.500000336335688e-06	1.5000000118448042e-05	-1.4999999010001375e-05	-5.659465000000028	0.0	-427.5048050000061	420.2834325000006	-52.621710000000235	394.91310250000026	0.0	-65.5025525000002	-85.21341749999965
5	1.5000001553744369e-05	7.499999714610794e-06	2.5000007468634067e-06	1.0000000097321049e-05	1.0000000038701273e-05	-5.652139999999999	0.0	-424.9089575000028	414.2574824999993	-54.03512000000011	391.36710249999976	0.0	-70.33868999999987	-87.57693000000421
6	5.9117155615240335e-12	2.5000002956687695e-06	-5.542233338928781e-13	-1.7499999893644258e-05	-2.500001361482873e-06	-5.79592249999997	0.0	-439.381325	427.68923999999987	-53.80661750000018	405.9391500000004	0.0	-71.29464250000024	-87.24881000000113
7	5.0000012379314285e-06	-5.00000060199568e-06	-2.499999183669388e-06	1.7499999918513254e-05	-1.749999940869884e-05	-5.773044999999976	0.0	-426.85839999999723	416.55199750000054	-54.55490499999987	396.39533750000004	0.0	-70.63435499999935	-85.01797000000317
8	4.9999996463157e-06	2.500000299221483e-06	5.000000115273906e-06	-1.2500000101667297e-05	-2.4999997769725724e-06	-5.72539750000001	0.0	-415.206910000002	405.6502399999995	-54.973312499999984	384.00540749999993	0.0	-70.25538250000272	-86.17481750000184
9	2.500001983207767e-06	-4.9999997990823886e-06	-9.999998859200332e-06	2.000000021062931e-05	-1.0000001008592108e-05	-5.789044999999991	0.0	-422.9392724999924	415.43733000000014	-54.08012250000008	390.6325025000007	0.0	-67.3711125000001	-86.38689500000015
10	1.0000003499044396e-05	4.973799150320701e-14	1.2499998760517883e-05	-1.5000000143317038e-05	-2.5000000718478077e-06	-5.7962225000000105	0.0	-412.21212249998587	402.1772024999994	-53.07975999999969	383.1917250000002	0.0	-68.9108975000014	-82.10015249999998
11	-2.499997776794771e-06	7.49999987448291e-06	-2.5000002068509275e-06	9.999999921461722e-06	5.000000747656941e-06	-5.836340000000009	0.0	-399.1016975000001	395.9491249999995	-53.77993750000007	371.5075150000004	0.0	-62.768832500001565	-81.37410249999914
12	-2.5000045980050345e-06	3.161915174132446e-13	9.999999932119863e-06	-7.49999980698135e-06	5.000002069266429e-06	-5.748360000000026	0.0	-410.27960500000273	405.13607499999955	-53.38864500000092	380.93872250000044	0.0	-64.28052999999773	-82.72952250000105
13	2.250000454750989e-05	2.5000001855346454e-06	1.5000000537668257e-05	4.9999996445393435e-06	1.500000015397518e-05	-5.816362499999994	0.0	-404.15635250000526	397.6182649999995	-55.74754499999958	373.02328249999954	0.0	-68.10193500000145	-86.88055500000075
14	2.4999959578053677e-06	-7.500000194227141e-06	-2.5000004946207355e-06	2.4999998853303396e-06	7.887024366937112e-13	-5.656475000000005	0.0	-429.16879999999276	416.0074025000011	-51.47398500000057	395.31149500000026	0.0	-70.29186250000078	-85.33129500000018
15	-1.5916157281026244e-12	-2.5000006829145605e-06	5.755396159656812e-13	7.4999996915181555e-06	-2.4999998089469955e-06	-5.727842499999996	0.0	-429.46124999998574	417.14942500000114	-54.04650499999891	392.9389575000003	0.0	-72.08617000000288	-90.56879500000167
16	-2.499997890481609e-06	7.4999999455371835e-06	-1.249999925079237e-05	7.500000368310111e-06	2.500001340166591e-06	-5.722549999999982	0.0	-411.67607499999633	397.50354500000105	-51.57696000000133	377.7579900000012	0.0	-71.47203749999863	-85.49504249999859
17	-2.5000024379551178e-06	7.500000258175987e-06	-4.999999937638222e-06	-1.0000000125742758e-05	2.5000013224030226e-06	-5.820869999999966	0.0	-417.9624100000001	407.0010825000009	-53.587784999999464	387.2841325000004	0.0	-70.3699899999989	-84.26606999999802
18	-2.5000038021971704e-06	1.7408297026122455e-13	1.2499999982651389e-05	-4.999999895005658e-06	5.000000435018137e-06	-5.82058999999999	0.0	-398.9258225000002	389.28869249999985	-53.18272499999918	367.56938500000024	0.0	-68.64043500000037	-84.53915249999784
19	-7.4999945809395285e-06	1.500000056431361e-05	-7.500000556603936e-06	-2.500000366723043e-06	-2.5000014041154373e-06	-5.7924650000000195	0.0	-400.6844650000031	394.5743675000011	-55.483690000000784	382.07966000000044	0.0	-67.38625750000062	-74.08849999999961
20	-5.7980287238024175e-12	5.000000214749889e-06	1.0000001488208454e-05	-2.499999824934207e-06	5.000000690813522e-06	-5.636444999999982	0.0	-434.9739574999997	419.22129000000007	-51.74283750000028	398.3210200000005	0.0	-73.1319324999971	-88.39575749999943
21	-1.2500002526394383e-05	2.500000356064902e-06	2.500000292116056e-06	-7.4999996027003135e-06	4.973799150320701e-14	-5.815834999999995	0.0	-413.0725524999974	404.77288250000095	-54.91089999999972	382.7115774999988	0.0	-69.02641999999707	-85.2718899999984
22	-6.821210263296962e-12	-7.499999888693765e-06	2.4999999084229785e-06	-6.572520305780927e-14	-5.000000072641342e-06	-5.7599149999999835	0.0	-422.6561725000044	413.6281650000009	-54.04990499999995	389.1140849999985	0.0	-68.83783749999583	-87.59200250000129
23	-5.000001351618266e-06	1.0000000330023795e-05	1.7499999771075636e-05	-2.500000254812562e-06	7.500000744897761e-06	-5.7553975000000115	0.0	-419.2973750000152	411.0692374999996	-53.48732749999892	385.7133575000015	0.0	-67.47083499999974	-87.07131750000156
24	5.000005785404937e-06	-2.5000000931640898e-06	-2.3447910280083306e-13	5.000000024679707e-06	-2.50000057633315e-06	-5.71880249999999	0.0	-417.70839250000125	410.98477750000075	-54.85914500000007	386.8198125000012	0.0	-67.30155750000165	-85.74772000000053
